4 0.30755895 0.46651376 0.11581137 0.61192661
4 0.74167822 0.17293578 0.05755895 0.12752294
1 0.15811373 0.26238532 0.01109570 0.01834862
1 0.35506241 0.88073394 0.01109570 0.01834862
30 0.17753121 0.41972477 0.00693481 0.01376147
1 0.19140083 0.44036697 0.01109570 0.01834862
1 0.08044383 0.26238532 0.01109570 0.01834862
1 0.25936200 0.88073394 0.01109570 0.01834862
1 0.19625520 0.26146789 0.01109570 0.01834862
1 0.11927878 0.26146789 0.01109570 0.01834862
1 0.21081831 0.88073394 0.01109570 0.01834862
1 0.30721221 0.88073394 0.01109570 0.01834862
1 0.11442441 0.88073394 0.01109570 0.01834862
4 0.76595007 0.47935780 0.05755895 0.07614679
1 0.71705964 0.47889908 0.01109570 0.01834862
1 0.45214979 0.88073394 0.01109570 0.01834862
1 0.40360610 0.88073394 0.01109570 0.01834862
1 0.16227462 0.88073394 0.01109570 0.01834862
1 0.50069348 0.88073394 0.01109570 0.01834862
1 0.16227462 0.44036697 0.01109570 0.01834862
2 0.81414702 0.68256881 0.00554785 0.01834862
1 0.54854369 0.88073394 0.01109570 0.01834862
2 0.81414702 0.42018349 0.00554785 0.01834862
2 0.81414702 0.24862385 0.00554785 0.01834862
4 0.76595007 0.74082569 0.05755895 0.07614679
1 0.06657420 0.75229358 0.01109570 0.01834862
13 0.84188627 0.23256881 0.01386963 0.02660550
3 0.71705964 0.42844037 0.00693481 0.00917431
1 0.06657420 0.88073394 0.01109570 0.01834862
3 0.65464632 0.09082569 0.00693481 0.00917431
3 0.71705964 0.69082569 0.00693481 0.00917431
3 0.81345354 0.38990826 0.00693481 0.00917431
3 0.87101248 0.20458716 0.00693481 0.00917431
1 0.71705964 0.74036697 0.01109570 0.01834862
2 0.22538141 0.63761468 0.01386963 0.00733945
2 0.79472954 0.17798165 0.01386963 0.00733945
2 0.22538141 0.62568807 0.01386963 0.00733945
3 0.81345354 0.65229358 0.00693481 0.00917431
8 0.42302358 0.77889908 0.01386963 0.01834862
2 0.79542302 0.15229358 0.01386963 0.00733945
3 0.30721221 0.85045872 0.00693481 0.00917431
3 0.35575589 0.85045872 0.00693481 0.00917431
2 0.20110957 0.73944954 0.01386963 0.00733945
11 0.22538141 0.24036697 0.02357836 0.00550459
8 0.81345354 0.20366972 0.01386963 0.01834862
3 0.21081831 0.85045872 0.00693481 0.00917431
3 0.40360610 0.85045872 0.00693481 0.00917431
3 0.50000000 0.85045872 0.00693481 0.00917431
3 0.11373093 0.85045872 0.00693481 0.00917431
3 0.25866852 0.85045872 0.00693481 0.00917431
0 0.30721221 0.91330275 0.01386963 0.01743119
0 0.35575589 0.91422018 0.01386963 0.01743119
0 0.69764216 0.25000000 0.01386963 0.01743119
0 0.25936200 0.91330275 0.01386963 0.01743119
0 0.81345354 0.28211009 0.01386963 0.01743119
0 0.45214979 0.91422018 0.01386963 0.01743119
3 0.16227462 0.85045872 0.00693481 0.00917431
0 0.16227462 0.91513761 0.01386963 0.01743119
0 0.71705964 0.53165138 0.01386963 0.01743119
11 0.68238558 0.11192661 0.02357836 0.00550459
3 0.45214979 0.85045872 0.00693481 0.00917431
0 0.11442441 0.91422018 0.01386963 0.01743119
2 0.08044383 0.18532110 0.00554785 0.01834862
0 0.40360610 0.91422018 0.01386963 0.01743119
0 0.21081831 0.91422018 0.01386963 0.01743119
0 0.17753121 0.48027523 0.01386963 0.01743119
0 0.23162275 0.78669725 0.01386963 0.01743119
0 0.19694868 0.29495413 0.01386963 0.01743119
3 0.20596394 0.14770642 0.00693481 0.00917431
8 0.65325936 0.15229358 0.01386963 0.01834862
0 0.50000000 0.91422018 0.01386963 0.01743119
0 0.71705964 0.79311927 0.01386963 0.01743119
3 0.08044383 0.14770642 0.00693481 0.00917431
3 0.06588072 0.85045872 0.00693481 0.00917431
0 0.54785021 0.91422018 0.01386963 0.01743119
2 0.11927878 0.18440367 0.00554785 0.01834862
0 0.06657420 0.78853211 0.01386963 0.01743119
8 0.86269071 0.14036697 0.01386963 0.01834862
0 0.08044383 0.29678899 0.01386963 0.01743119
0 0.11927878 0.29678899 0.01386963 0.01743119
3 0.54785021 0.85045872 0.00693481 0.00917431
2 0.22052705 0.39541284 0.01386963 0.00733945
3 0.23439667 0.14770642 0.00693481 0.00917431
0 0.06657420 0.91513761 0.01386963 0.01743119
3 0.06657420 0.72201835 0.00693481 0.00917431
3 0.11927878 0.14770642 0.00693481 0.00917431
0 0.15811373 0.29587156 0.01386963 0.01743119
8 0.86407767 0.12752294 0.01386963 0.01834862
8 0.86338419 0.11467890 0.01386963 0.01834862
8 0.86893204 0.70825688 0.01386963 0.01834862
8 0.86893204 0.44678899 0.01386963 0.01834862
