28 0.74356699 0.44597250 0.03549246 0.07858546
4 0.48846495 0.56974460 0.21916593 0.73084479
1 0.88376220 0.30058939 0.01774623 0.03143418
1 0.88464951 0.59135560 0.01774623 0.03143418
1 0.24401065 0.71512770 0.01419698 0.03929273
0 0.28926353 0.92632613 0.01774623 0.03732809
1 0.20141970 0.24950884 0.01419698 0.03929273
1 0.02573203 0.71316306 0.01419698 0.03929273
1 0.13398403 0.71709234 0.01419698 0.03929273
0 0.20053239 0.41355599 0.01774623 0.03732809
0 0.02484472 0.93025540 0.01774623 0.03732809
0 0.96362023 0.69253438 0.01774623 0.03732809
