4 0.82798574 0.50574713 0.08377897 0.13793103
4 0.82798574 0.75862069 0.08377897 0.13793103
4 0.82798574 0.23563218 0.08377897 0.14367816
4 0.24242424 0.26867816 0.18538324 0.26724138
0 0.45276292 0.41235632 0.03565062 0.05459770
0 0.58288770 0.41235632 0.03565062 0.05459770
0 0.70231729 0.38362069 0.03565062 0.05459770
0 0.70231729 0.69396552 0.03565062 0.05459770
0 0.70231729 0.94683908 0.03565062 0.05459770
1 0.62745098 0.77586207 0.02852050 0.05747126
18 0.25311943 0.55890805 0.01782531 0.04310345
1 0.66310160 0.31034483 0.03565062 0.04597701
0 0.26024955 0.81465517 0.03565062 0.05459770
1 0.51693405 0.29885057 0.03565062 0.04597701
1 0.66310160 0.57758621 0.03565062 0.04597701
1 0.34402852 0.66666667 0.02852050 0.05747126
1 0.17647059 0.66666667 0.02852050 0.05747126
1 0.51693405 0.17241379 0.03565062 0.04597701
