10 0.10788973 0.77725857 0.07319392 0.05295950
14 0.10741445 0.48909657 0.07414449 0.05295950
14 0.10741445 0.56074766 0.07414449 0.04984424
10 0.10741445 0.63317757 0.07414449 0.05140187
14 0.10741445 0.16433022 0.07414449 0.04828660
14 0.10788973 0.84813084 0.07129278 0.05140187
14 0.10741445 0.41744548 0.07414449 0.04984424
10 0.10788973 0.70404984 0.07319392 0.04984424
14 0.10741445 0.24376947 0.07414449 0.06386293
1 0.28326996 0.75389408 0.01901141 0.02492212
14 0.10788973 0.34501558 0.07319392 0.04828660
4 0.63498099 0.48520249 0.28326996 0.75233645
18 0.31321293 0.80996885 0.01425856 0.01557632
0 0.03136882 0.96495327 0.01901141 0.02959502
2 0.25095057 0.55763240 0.00760456 0.03115265
14 0.10741445 0.09345794 0.07224335 0.04984424
14 0.32747148 0.30996885 0.07129278 0.04984424
1 0.28326996 0.86137072 0.01901141 0.02492212
1 0.25095057 0.36760125 0.01520913 0.03115265
3 0.25095057 0.25389408 0.00950570 0.01557632
3 0.97528517 0.10747664 0.00950570 0.01557632
