4 0.69179389 0.16078431 0.18511450 0.08627451
4 0.05916031 0.14019608 0.07251908 0.11960784
0 0.82442748 0.52450980 0.03816794 0.03725490
0 0.59160305 0.52058824 0.03816794 0.03725490
0 0.73664122 0.94607843 0.03816794 0.03725490
0 0.33587786 0.50882353 0.03816794 0.03725490
18 0.32156489 0.14117647 0.02862595 0.01960784
16 0.72519084 0.85196078 0.03816794 0.05686275
2 0.72709924 0.41960784 0.01526718 0.03921569
4 0.93034351 0.77156863 0.02862595 0.03725490
0 0.54961832 0.03627451 0.03816794 0.03725490
0 0.32824427 0.24607843 0.03816794 0.03725490
0 0.60973282 0.78431373 0.03625954 0.03921569
2 0.13358779 0.45098039 0.03816794 0.01568627
6 0.79198473 0.84117647 0.02671756 0.03921569
1 0.65267176 0.72745098 0.03053435 0.03921569
6 0.27099237 0.10980392 0.03816794 0.02745098
2 0.49427481 0.41960784 0.01526718 0.03921569
2 0.62977099 0.84117647 0.03816794 0.01568627
1 0.70419847 0.72745098 0.03053435 0.03921569
0 0.49236641 0.24215686 0.03816794 0.03725490
2 0.67938931 0.87058824 0.01526718 0.03921569
1 0.41984733 0.15294118 0.03053435 0.03921569
1 0.37786260 0.15686275 0.03053435 0.03921569
2 0.13740458 0.41960784 0.03816794 0.01568627
1 0.55343511 0.09607843 0.03053435 0.03921569
1 0.85687023 0.86274510 0.03053435 0.03921569
3 0.72709924 0.36274510 0.01908397 0.01960784
3 0.49427481 0.36274510 0.01908397 0.01960784
33 0.88167939 0.77058824 0.01145038 0.05882353
3 0.65267176 0.66470588 0.01908397 0.01960784
6 0.25381679 0.45098039 0.03816794 0.02745098
3 0.32824427 0.05686275 0.01908397 0.01960784
3 0.19465649 0.05882353 0.01908397 0.01960784
6 0.25954198 0.41764706 0.03816794 0.02745098
26 0.76431298 0.46862745 0.03244275 0.02352941
