4 0.46555683 0.41299304 0.22617681 0.48723898
18 0.21756602 0.43387471 0.01722158 0.02320186
6 0.72330654 0.34570766 0.02296211 0.03248260
1 0.21814007 0.14153132 0.01836969 0.04640371
0 0.25717566 0.69489559 0.02296211 0.04408353
1 0.12629162 0.50348028 0.01836969 0.04640371
2 0.74856487 0.63573086 0.00918485 0.04640371
2 0.87026406 0.48027842 0.02296211 0.01856148
0 0.03214696 0.38167053 0.02296211 0.04408353
21 0.87256028 0.34338747 0.02525832 0.02320186
0 0.95637199 0.56032483 0.02296211 0.04408353
1 0.12514351 0.36890951 0.01836969 0.04640371
21 0.15384615 0.21113689 0.02525832 0.02320186
3 0.74971297 0.83990719 0.01148106 0.02320186
3 0.22043628 0.03016241 0.01148106 0.02320186
3 0.63605052 0.08120650 0.01148106 0.02320186
