4 0.60705446 0.44661922 0.24381188 0.67615658
18 0.23700495 0.60854093 0.01856436 0.01779359
14 0.25000000 0.25978648 0.06435644 0.03558719
4 0.88923267 0.85231317 0.05569307 0.08185053
0 0.88118812 0.69483986 0.02475248 0.03380783
14 0.25061881 0.04537367 0.06559406 0.03380783
0 0.31559406 0.36921708 0.02475248 0.03380783
0 0.82425743 0.91192171 0.02475248 0.03380783
1 0.19306931 0.67615658 0.02475248 0.02846975
14 0.25061881 0.15213523 0.06311881 0.03380783
0 0.44801980 0.96530249 0.02475248 0.03380783
1 0.19306931 0.54092527 0.02475248 0.02846975
1 0.22648515 0.91814947 0.02475248 0.02846975
0 0.09467822 0.59430605 0.02351485 0.03558719
14 0.24938119 0.77224199 0.06559406 0.03558719
2 0.41089109 0.91814947 0.02475248 0.01423488
3 0.18440594 0.95017794 0.01237624 0.01779359
3 0.82301980 0.80604982 0.01237624 0.01779359
3 0.84158416 0.02313167 0.01237624 0.01779359
3 0.86138614 0.59074733 0.01237624 0.01779359
3 0.27846535 0.46085409 0.01237624 0.01779359
14 0.89913366 0.21441281 0.09282178 0.27935943
