4 0.80811594 0.40745614 0.06898551 0.15701754
4 0.23043478 0.76228070 0.06028986 0.15701754
4 0.27797101 0.28925439 0.12115942 0.41973684
4 0.80376812 0.13157895 0.06028986 0.07807018
4 0.80811594 0.70307018 0.06898551 0.06491228
17 0.13159420 0.76184211 0.00579710 0.00877193
17 0.13101449 0.73508772 0.00579710 0.00877193
0 0.88101449 0.34122807 0.00550725 0.00877193
17 0.90202899 0.14385965 0.00579710 0.00877193
1 0.43420290 0.67631579 0.00463768 0.00877193
17 0.13130435 0.77500000 0.00579710 0.00877193
17 0.13159420 0.72236842 0.00579710 0.00877193
0 0.73855072 0.18837719 0.00579710 0.00833333
17 0.13101449 0.74868421 0.00579710 0.00877193
0 0.18202899 0.84671053 0.00579710 0.00833333
1 0.43449275 0.79473684 0.00463768 0.00877193
0 0.87768116 0.50372807 0.00579710 0.00833333
22 0.15594203 0.41995614 0.04289855 0.01622807
23 0.50666667 0.14385965 0.00869565 0.00438596
1 0.46898551 0.79473684 0.00463768 0.00877193
1 0.39971014 0.79473684 0.00463768 0.00877193
1 0.53855072 0.79473684 0.00463768 0.00877193
0 0.74724638 0.75328947 0.00579710 0.00833333
0 0.46898551 0.83399123 0.00579710 0.00833333
23 0.43188406 0.26228070 0.00869565 0.00438596
1 0.53826087 0.67631579 0.00579710 0.00701754
17 0.90202899 0.13070175 0.00579710 0.00877193
1 0.50434783 0.79473684 0.00463768 0.00877193
23 0.11652174 0.26228070 0.00869565 0.00438596
1 0.46898551 0.67631579 0.00463768 0.00877193
17 0.90173913 0.15701754 0.00579710 0.00877193
0 0.46898551 0.71557018 0.00579710 0.00833333
1 0.39942029 0.67631579 0.00463768 0.00877193
23 0.50666667 0.20964912 0.00869565 0.00438596
1 0.50376812 0.67631579 0.00463768 0.00877193
23 0.06666667 0.20964912 0.00869565 0.00438596
17 0.90202899 0.10438596 0.00579710 0.00877193
17 0.13884058 0.80175439 0.00579710 0.00877193
23 0.05594203 0.39342105 0.00869565 0.00438596
17 0.91362319 0.68333333 0.00579710 0.00877193
1 0.73739130 0.38026316 0.00579710 0.00701754
0 0.36521739 0.51644737 0.00579710 0.00833333
2 0.06057971 0.73596491 0.00231884 0.00877193
3 0.73884058 0.40701754 0.00289855 0.00438596
3 0.18260870 0.68771930 0.00289855 0.00438596
1 0.18753623 0.15701754 0.00579710 0.00701754
3 0.46927536 0.76622807 0.00289855 0.00438596
3 0.06086957 0.69736842 0.00289855 0.00438596
2 0.45188406 0.31491228 0.00579710 0.00350877
2 0.15594203 0.44649123 0.00579710 0.00350877
3 0.16521739 0.07938596 0.00289855 0.00438596
3 0.73884058 0.10482456 0.00289855 0.00438596
5 0.09942029 0.47324561 0.00869565 0.00438596
3 0.73855072 0.34122807 0.00289855 0.00438596
3 0.46898551 0.64429825 0.00289855 0.00438596
3 0.73855072 0.68289474 0.00289855 0.00438596
2 0.45159420 0.30263158 0.00579710 0.00350877
17 0.19130435 0.26228070 0.00579710 0.00877193
3 0.49594203 0.30175439 0.00289855 0.00438596
0 0.12884058 0.44692982 0.00550725 0.00877193
3 0.12898551 0.41798246 0.00289855 0.00438596
