4 0.82775801 0.49670330 0.15516014 0.81978022
0 0.51387900 0.31373626 0.01423488 0.02087912
0 0.52953737 0.79505495 0.01423488 0.02087912
0 0.65551601 0.31263736 0.01423488 0.02087912
1 0.65551601 0.24065934 0.01138790 0.02197802
0 0.60854093 0.31263736 0.01423488 0.02087912
0 0.60854093 0.16648352 0.01423488 0.02087912
1 0.51459075 0.24065934 0.01138790 0.02197802
0 0.56156584 0.31263736 0.01423488 0.02087912
0 0.95231317 0.45769231 0.01423488 0.02087912
0 0.46619217 0.16648352 0.01423488 0.02087912
1 0.52953737 0.72417582 0.01138790 0.02197802
0 0.62348754 0.94230769 0.01423488 0.02087912
1 0.65480427 0.86813187 0.01138790 0.02197802
0 0.56085409 0.16758242 0.01423488 0.02087912
0 0.70320285 0.91923077 0.01423488 0.02087912
0 0.51316726 0.16648352 0.01423488 0.02087912
1 0.56156584 0.24175824 0.01138790 0.02197802
0 0.32669039 0.16758242 0.01423488 0.02087912
0 0.65551601 0.16758242 0.01423488 0.02087912
1 0.56085409 0.09670330 0.01138790 0.02197802
0 0.41921708 0.16648352 0.01423488 0.02087912
0 0.65622776 0.94010989 0.01423488 0.02087912
1 0.60854093 0.24175824 0.01138790 0.02197802
1 0.65551601 0.09670330 0.01138790 0.02197802
0 0.37295374 0.16648352 0.01423488 0.02087912
1 0.37366548 0.09670330 0.01138790 0.02197802
1 0.42064057 0.09670330 0.01138790 0.02197802
0 0.52277580 0.63956044 0.01352313 0.02197802
1 0.46761566 0.09670330 0.01138790 0.02197802
1 0.51387900 0.09670330 0.01138790 0.02197802
0 0.27900356 0.16648352 0.01423488 0.02087912
1 0.32669039 0.09670330 0.01138790 0.02197802
1 0.60782918 0.09670330 0.01138790 0.02197802
1 0.56939502 0.63956044 0.01423488 0.01758242
1 0.27971530 0.09670330 0.01138790 0.02197802
22 0.68612100 0.39725275 0.07402135 0.02307692
2 0.48398577 0.68681319 0.01423488 0.00879121
3 0.62989324 0.44615385 0.00711744 0.01098901
1 0.62491103 0.86813187 0.01138790 0.02197802
3 0.38932384 0.68791209 0.00711744 0.01098901
3 0.28042705 0.04285714 0.00711744 0.01098901
17 0.57651246 0.39670330 0.01423488 0.02197802
3 0.50462633 0.37362637 0.00711744 0.01098901
