20 0.42822266 0.15642994 0.02441406 0.05566219
4 0.19384766 0.15834933 0.12402344 0.24376200
4 0.60791016 0.28119002 0.13964844 0.24376200
7 0.39843750 0.15930902 0.01367188 0.03838772
6 0.74804688 0.06333973 0.01953125 0.02687140
0 0.49023438 0.18905950 0.01953125 0.03646833
0 0.42773438 0.25431862 0.01953125 0.03646833
0 0.33398438 0.21976967 0.01953125 0.03646833
2 0.35644531 0.25143954 0.01953125 0.01535509
1 0.33398438 0.13243762 0.01562500 0.03838772
0 0.58398438 0.52687140 0.01953125 0.03646833
4 0.97509766 0.08157390 0.03027344 0.09021113
2 0.49023438 0.38771593 0.00781250 0.03838772
1 0.49023438 0.10940499 0.01562500 0.03838772
0 0.30273438 0.52687140 0.01953125 0.03646833
2 0.09960938 0.32629559 0.00781250 0.03838772
0 0.78710938 0.52687140 0.01953125 0.03646833
0 0.49023438 0.52687140 0.01953125 0.03646833
1 0.27050781 0.40882917 0.01562500 0.03838772
0 0.83398438 0.21976967 0.01953125 0.03646833
4 0.33447266 0.77255278 0.53027344 0.24376200
1 0.09960938 0.13435701 0.01562500 0.03838772
1 0.86523438 0.10940499 0.01562500 0.03838772
11 0.64648438 0.05950096 0.03320312 0.01151631
2 0.78710938 0.41650672 0.00781250 0.03838772
4 0.02197266 0.08157390 0.03027344 0.09021113
1 0.83398438 0.10940499 0.01562500 0.03838772
0 0.47460938 0.98368522 0.01953125 0.03262956
1 0.51562500 0.32437620 0.01562500 0.03838772
1 0.49023438 0.26295585 0.01562500 0.03838772
0 0.41601562 0.55566219 0.01953125 0.03646833
2 0.30273438 0.37044146 0.00781250 0.03838772
2 0.78710938 0.26295585 0.00781250 0.03838772
0 0.37890625 0.55566219 0.01953125 0.03646833
8 0.35937500 0.59500960 0.01953125 0.03838772
8 0.78710938 0.02303263 0.01953125 0.03838772
