18 0.68227530 0.47531735 0.00942803 0.01410437
20 0.02199874 0.14880113 0.02765556 0.02961918
4 0.25204274 0.33215797 0.23884349 0.51480959
18 0.54399749 0.47531735 0.00942803 0.01410437
4 0.28881207 0.89844852 0.03708360 0.12411848
7 0.61910748 0.72355430 0.01257071 0.01974612
2 0.70144563 0.11142454 0.00502828 0.02820874
0 0.02199874 0.21227080 0.01257071 0.02679831
4 0.28881207 0.72425952 0.03708360 0.10296192
7 0.61910748 0.84767278 0.01257071 0.01974612
4 0.84475173 0.27080395 0.02765556 0.43159379
4 0.92551854 0.76516220 0.03205531 0.16502116
4 0.96417348 0.27080395 0.02765556 0.43159379
0 0.10496543 0.89774330 0.01257071 0.02679831
0 0.33438089 0.97954866 0.01257071 0.02679831
0 0.56442489 0.21932299 0.01257071 0.02679831
0 0.49025770 0.56911142 0.01257071 0.02679831
1 0.70207417 0.22849083 0.01005657 0.02820874
0 0.70207417 0.32228491 0.01257071 0.02679831
0 0.62853551 0.56911142 0.01257071 0.02679831
2 0.53551226 0.07193230 0.01257071 0.01128350
2 0.65619107 0.85331453 0.01257071 0.01128350
0 0.59208045 0.32228491 0.01257071 0.02679831
0 0.72972973 0.89774330 0.01257071 0.02679831
1 0.08673790 0.76304654 0.01005657 0.02820874
2 0.65493400 0.73201693 0.01257071 0.01128350
2 0.42489001 0.85331453 0.01257071 0.01128350
1 0.51414205 0.52750353 0.01257071 0.02256700
1 0.13262099 0.76304654 0.01005657 0.02820874
1 0.65179133 0.42454161 0.01257071 0.02256700
1 0.65179133 0.52609309 0.01257071 0.02256700
1 0.17850409 0.76304654 0.01005657 0.02820874
2 0.43557511 0.70944993 0.01257071 0.01128350
2 0.54494029 0.27785614 0.01257071 0.01128350
1 0.51414205 0.42454161 0.01257071 0.02256700
1 0.04085481 0.76304654 0.01005657 0.02820874
4 0.60590823 0.12693935 0.02765556 0.06205924
3 0.10433690 0.66854725 0.00628536 0.01410437
2 0.42551854 0.79407616 0.01257071 0.01128350
0 0.39912005 0.73413258 0.01257071 0.02679831
3 0.51791326 0.05218618 0.00628536 0.01410437
14 0.66090509 0.22002821 0.01068510 0.04231312
3 0.70207417 0.05359661 0.00628536 0.01410437
