4 0.24688279 0.35165663 0.23690773 0.54969880
4 0.91490025 0.15436747 0.03179551 0.17620482
4 0.51589776 0.79141566 0.02680798 0.10993976
4 0.90554863 0.41792169 0.03179551 0.17620482
4 0.86221945 0.75903614 0.05486284 0.06626506
18 0.54582294 0.50602410 0.00935162 0.01506024
2 0.69326683 0.12048193 0.00498753 0.03012048
6 0.60723192 0.78012048 0.01246883 0.02108434
0 0.68453865 0.55346386 0.01246883 0.02861446
0 0.39276808 0.88478916 0.01246883 0.02861446
0 0.91209476 0.88478916 0.01246883 0.02861446
1 0.51558603 0.56024096 0.01246883 0.02409639
1 0.91209476 0.81325301 0.00997506 0.03012048
0 0.49251870 0.59864458 0.01246883 0.02861446
1 0.51558603 0.45030120 0.01246883 0.02409639
1 0.69326683 0.24096386 0.00997506 0.03012048
0 0.55673317 0.22213855 0.01246883 0.02861446
0 0.69326683 0.33509036 0.01246883 0.02861446
0 0.95760599 0.84262048 0.01246883 0.02861446
1 0.93952618 0.76957831 0.00997506 0.03012048
2 0.53740648 0.29668675 0.01246883 0.01204819
0 0.76620948 0.84262048 0.01246883 0.02861446
1 0.74812968 0.76957831 0.00997506 0.03012048
2 0.64775561 0.78012048 0.01246883 0.01204819
2 0.51995012 0.07530120 0.01246883 0.01204819
1 0.12842893 0.81325301 0.00997506 0.03012048
1 0.17394015 0.81325301 0.00997506 0.03012048
0 0.58416459 0.33358434 0.01246883 0.02861446
1 0.77556110 0.77108434 0.00997506 0.03012048
1 0.96695761 0.77108434 0.00997506 0.03012048
3 0.69326683 0.05271084 0.00623441 0.01506024
1 0.08291771 0.81325301 0.00997506 0.03012048
3 0.50187032 0.05271084 0.00623441 0.01506024
0 0.10099751 0.94804217 0.01246883 0.02861446
3 0.10099751 0.71084337 0.00623441 0.01506024
4 0.59788030 0.13253012 0.02743142 0.06626506
1 0.03740648 0.81325301 0.00997506 0.03012048
4 0.71633416 0.50602410 0.02743142 0.06626506
14 0.65336658 0.22966867 0.01371571 0.04668675
14 0.32917706 0.83659639 0.02369077 0.02861446
14 0.32917706 0.74849398 0.02493766 0.03012048
