4 0.38523132 0.53829322 0.30782918 0.49015317
4 0.95551601 0.85339168 0.03914591 0.14442013
4 0.35320285 0.10503282 0.09074733 0.09628009
4 0.81494662 0.59409190 0.03914591 0.19037199
4 0.95551601 0.60175055 0.03914591 0.23632385
4 0.95551601 0.20787746 0.03914591 0.33260394
4 0.81494662 0.20787746 0.03914591 0.33260394
1 0.38434164 0.86652079 0.02846975 0.04376368
4 0.81405694 0.85448578 0.02669039 0.08096280
1 0.20284698 0.11159737 0.02846975 0.04376368
1 0.42348754 0.86652079 0.02846975 0.04376368
1 0.06405694 0.53610503 0.02846975 0.04376368
21 0.12277580 0.06783370 0.03914591 0.02188184
1 0.34519573 0.86433260 0.02846975 0.04376368
1 0.10320285 0.31728665 0.02846975 0.04376368
1 0.49822064 0.11159737 0.02846975 0.04376368
1 0.11387900 0.53610503 0.02846975 0.04376368
2 0.08896797 0.49234136 0.03558719 0.01750547
1 0.06405694 0.31728665 0.02846975 0.04376368
1 0.30604982 0.86652079 0.02846975 0.04376368
1 0.46085409 0.11159737 0.02846975 0.04376368
0 0.08896797 0.61816193 0.03558719 0.04157549
1 0.16725979 0.11159737 0.02846975 0.04376368
0 0.37188612 0.94638950 0.03558719 0.04157549
0 0.11120996 0.15098468 0.03380783 0.04376368
0 0.56850534 0.15098468 0.03380783 0.04376368
0 0.13612100 0.27352298 0.03380783 0.04376368
3 0.55160142 0.03282276 0.01779359 0.02188184
3 0.07651246 0.03282276 0.01779359 0.02188184
3 0.37188612 0.80525164 0.01779359 0.02188184
3 0.67615658 0.25820569 0.01779359 0.02188184
1 0.08185053 0.44638950 0.03558719 0.03501094
18 0.08185053 0.36433260 0.01779359 0.03282276
0 0.66281139 0.45076586 0.03380783 0.04376368
