4 0.52300740 0.31921618 0.16187346 0.46902655
28 0.87428102 0.78002528 0.03286771 0.05056890
4 0.16392769 0.40202276 0.05341002 0.05562579
4 0.84634347 0.12579014 0.03615448 0.05436157
4 0.05176664 0.13969659 0.02629417 0.08217446
4 0.45562859 0.83691530 0.02711586 0.06826802
2 0.06491372 0.80278129 0.00657354 0.02528445
0 0.76581758 0.62136536 0.01643385 0.02402023
4 0.94987675 0.45069532 0.02629417 0.28950695
18 0.59285127 0.83565107 0.01232539 0.01264223
4 0.79704191 0.45069532 0.02629417 0.28950695
7 0.14954807 0.86725664 0.01150370 0.02528445
0 0.10106820 0.49747155 0.01643385 0.02402023
0 0.72966311 0.59608091 0.01643385 0.02402023
0 0.52259655 0.87294564 0.01643385 0.02402023
0 0.23500411 0.95259166 0.01643385 0.02402023
0 0.24486442 0.52402023 0.01643385 0.02402023
0 0.06491372 0.49747155 0.01643385 0.02402023
1 0.24486442 0.47661188 0.01314708 0.02528445
2 0.28923583 0.79013906 0.00657354 0.02528445
1 0.28101890 0.47661188 0.01314708 0.02528445
1 0.20049302 0.13274336 0.01314708 0.02528445
7 0.06902219 0.86725664 0.01150370 0.02528445
1 0.27115859 0.13274336 0.01314708 0.02528445
0 0.19967132 0.20796460 0.01643385 0.02402023
0 0.84634347 0.19532238 0.01643385 0.02402023
0 0.06491372 0.95259166 0.01643385 0.02402023
0 0.27937551 0.52402023 0.01643385 0.02402023
1 0.23500411 0.13274336 0.01314708 0.02528445
2 0.15447823 0.16814159 0.00657354 0.02528445
0 0.89071487 0.29266751 0.01643385 0.02402023
0 0.28923583 0.95259166 0.01643385 0.02402023
1 0.36976171 0.83691530 0.01314708 0.02528445
1 0.56368118 0.87104930 0.01643385 0.02022756
0 0.09202958 0.19532238 0.01643385 0.02402023
0 0.79211175 0.80214918 0.01643385 0.02402023
1 0.06573541 0.45006321 0.01314708 0.02528445
0 0.04806902 0.40075853 0.01561216 0.02528445
2 0.14543961 0.80278129 0.00657354 0.02528445
0 0.39769926 0.88558786 0.01643385 0.02402023
1 0.56368118 0.80278129 0.01643385 0.02022756
0 0.63105998 0.56700379 0.01643385 0.02402023
1 0.10024651 0.45006321 0.01314708 0.02528445
2 0.11914544 0.12262958 0.01643385 0.01011378
2 0.79211175 0.12515803 0.01643385 0.01011378
1 0.83319638 0.82932996 0.01643385 0.02022756
2 0.11914544 0.13906448 0.01643385 0.01011378
1 0.83319638 0.73198483 0.01643385 0.02022756
1 0.28923583 0.85082174 0.01314708 0.02528445
2 0.89975349 0.12262958 0.01643385 0.01011378
14 0.23253903 0.87737042 0.01314708 0.04804046
3 0.71898110 0.55372946 0.00821693 0.01264223
3 0.15447823 0.21238938 0.00821693 0.01264223
3 0.19967132 0.08091024 0.00821693 0.01264223
3 0.28101890 0.37041719 0.00821693 0.01264223
3 0.10106820 0.34386852 0.00821693 0.01264223
3 0.91865242 0.27433628 0.00821693 0.01264223
3 0.87263763 0.32869785 0.00821693 0.01264223
3 0.84634347 0.04045512 0.00821693 0.01264223
3 0.10106820 0.08091024 0.00821693 0.01264223
3 0.28923583 0.74336283 0.00821693 0.01264223
3 0.40345111 0.53982301 0.00821693 0.01264223
3 0.39769926 0.79898862 0.00821693 0.01264223
3 0.06491372 0.74336283 0.00821693 0.01264223
22 0.88208710 0.73324905 0.00739523 0.01517067
3 0.14626130 0.74336283 0.00821693 0.01264223
22 0.88167625 0.82680152 0.00657354 0.01517067
1 0.68200493 0.92667509 0.01314708 0.02528445
