16 0.52902240 0.63611491 0.02953157 0.02735978
2 0.44195519 0.26402189 0.00814664 0.02735978
13 0.54073320 0.11012312 0.02036660 0.03967168
2 0.73727088 0.63885089 0.02036660 0.01094391
14 0.32892057 0.75170999 0.05091650 0.09712722
0 0.24338086 0.69835841 0.02036660 0.02599179
0 0.34012220 0.91997264 0.02036660 0.02599179
0 0.66191446 0.91176471 0.02036660 0.02599179
5 0.31059063 0.10533516 0.03054990 0.01367989
2 0.66191446 0.74692202 0.00814664 0.02735978
0 0.51323829 0.91450068 0.02036660 0.02599179
5 0.13747454 0.39261286 0.03054990 0.01367989
5 0.86659878 0.63885089 0.03054990 0.01367989
5 0.80448065 0.10533516 0.03054990 0.01367989
1 0.24439919 0.51846785 0.01629328 0.02735978
4 0.34012220 0.52393981 0.09775967 0.09849521
