4 0.02671371 0.84424379 0.03729839 0.16704289
14 0.56451613 0.45372460 0.06653226 0.06772009
10 0.56552419 0.27765237 0.06451613 0.05417607
14 0.75352823 0.45033860 0.06350806 0.05643341
14 0.75453629 0.27765237 0.06149194 0.05869074
10 0.56552419 0.61512415 0.06451613 0.05643341
10 0.56552419 0.10948081 0.06451613 0.05643341
10 0.75453629 0.61625282 0.06149194 0.05417607
10 0.75403226 0.10948081 0.06048387 0.05643341
10 0.18699597 0.27878104 0.06350806 0.06094808
10 0.18699597 0.10835214 0.06350806 0.05417607
10 0.18800403 0.61512415 0.06350806 0.05643341
10 0.37651210 0.27878104 0.06350806 0.05643341
10 0.18649194 0.45259594 0.06451613 0.06094808
10 0.37550403 0.61738149 0.06350806 0.05643341
10 0.37550403 0.10948081 0.06350806 0.05191874
10 0.37550403 0.45711061 0.06552419 0.07449210
