13 0.40998686 0.08960843 0.02628121 0.04367470
5 0.92378449 0.09487952 0.03942181 0.01506024
5 0.06964520 0.09487952 0.03942181 0.01506024
16 0.42904074 0.60240964 0.03810775 0.03012048
2 0.52825230 0.76807229 0.01051248 0.03012048
1 0.89618922 0.75000000 0.02102497 0.03012048
0 0.41655716 0.92695783 0.02628121 0.02861446
2 0.71222076 0.43072289 0.02628121 0.01204819
0 0.89750329 0.92846386 0.02628121 0.02861446
2 0.53088042 0.26204819 0.01051248 0.03012048
2 0.26675427 0.26506024 0.01051248 0.03012048
14 0.70893561 0.64307229 0.03285151 0.04216867
