4 0.47434498 0.76601942 0.03602620 0.06407767
4 0.47434498 0.90485437 0.03602620 0.06213592
4 0.76255459 0.48737864 0.03602620 0.06213592
4 0.76255459 0.62621359 0.03602620 0.06407767
4 0.90665939 0.76601942 0.03602620 0.06407767
4 0.90665939 0.62621359 0.03602620 0.06407767
4 0.47434498 0.62621359 0.03602620 0.06407767
4 0.76255459 0.76601942 0.03602620 0.06407767
4 0.90665939 0.48737864 0.03602620 0.06213592
4 0.47434498 0.48737864 0.03602620 0.06213592
4 0.90665939 0.90485437 0.03602620 0.06213592
4 0.61844978 0.76601942 0.03602620 0.06407767
4 0.76255459 0.90485437 0.03602620 0.06213592
4 0.61844978 0.48737864 0.03602620 0.06213592
4 0.61844978 0.90485437 0.03602620 0.06213592
4 0.61844978 0.62621359 0.03602620 0.06407767
2 0.29148472 0.47572816 0.00873362 0.03883495
2 0.35043668 0.47572816 0.02183406 0.01553398
2 0.16703057 0.47378641 0.00873362 0.03883495
2 0.22816594 0.47184466 0.00873362 0.03883495
2 0.68122271 0.15533981 0.02183406 0.01553398
2 0.82751092 0.15922330 0.00873362 0.03883495
2 0.97161572 0.15339806 0.00873362 0.03883495
2 0.53493450 0.15728155 0.00873362 0.03883495
1 0.75545852 0.09902913 0.02183406 0.03106796
0 0.75545852 0.04951456 0.02183406 0.03689320
1 0.25764192 0.41747573 0.02183406 0.03106796
