4 0.92405063 0.48168790 0.11251758 0.10668790
19 0.87763713 0.04299363 0.05063291 0.06687898
19 0.87623066 0.88296178 0.05344585 0.06847134
4 0.43178622 0.51751592 0.20534459 0.88535032
2 0.65260197 0.21019108 0.02812940 0.01273885
2 0.90295359 0.27070064 0.01125176 0.03184713
1 0.21659634 0.21815287 0.02250352 0.03184713
0 0.90295359 0.33837580 0.02812940 0.03025478
1 0.20534459 0.91082803 0.02250352 0.03184713
0 0.58509142 0.66003185 0.02812940 0.03025478
1 0.18565401 0.45222930 0.02812940 0.02547771
0 0.82559775 0.58837580 0.02812940 0.03025478
0 0.90295359 0.75238854 0.02812940 0.03025478
0 0.06469761 0.20780255 0.02812940 0.03025478
1 0.64697609 0.53503185 0.02812940 0.02547771
1 0.19268636 0.55414013 0.02812940 0.02547771
0 0.58509142 0.97213376 0.02812940 0.03025478
1 0.16315049 0.21815287 0.02250352 0.03184713
2 0.71448664 0.15923567 0.01125176 0.03184713
0 0.58509142 0.49124204 0.02812940 0.03025478
1 0.18284107 0.36305732 0.02812940 0.02547771
1 0.80168776 0.09872611 0.02250352 0.03184713
1 0.18284107 0.66242038 0.02812940 0.02547771
0 0.68354430 0.58837580 0.02812940 0.03025478
1 0.80450070 0.69904459 0.02250352 0.03184713
1 0.18424754 0.75318471 0.02812940 0.02547771
0 0.12517581 0.60589172 0.02812940 0.03025478
0 0.20393812 0.96735669 0.02812940 0.03025478
2 0.90295359 0.68471338 0.01125176 0.03184713
