4 0.42396535 0.58627087 0.35899904 0.69387755
19 0.96679500 0.67346939 0.05678537 0.15213358
1 0.63522618 0.76623377 0.01924928 0.02968460
11 0.78152069 0.63636364 0.03272377 0.01113173
2 0.12512031 0.76623377 0.01924928 0.01484230
1 0.22136670 0.13543599 0.01539942 0.03710575
1 0.39749759 0.13172542 0.01539942 0.03710575
1 0.89894129 0.77551020 0.01539942 0.03710575
3 0.64292589 0.24489796 0.00962464 0.01855288
2 0.74687199 0.46011132 0.01924928 0.01484230
1 0.19441771 0.38775510 0.01539942 0.03710575
1 0.29643888 0.13543599 0.01539942 0.03710575
1 0.63522618 0.58812616 0.01924928 0.02968460
0 0.62560154 0.21799629 0.01924928 0.03525046
2 0.12415784 0.70500928 0.01924928 0.01484230
1 0.57170356 0.13729128 0.01539942 0.03710575
0 0.22040423 0.22356215 0.01924928 0.03525046
1 0.83445621 0.78478664 0.01539942 0.03710575
0 0.39749759 0.20315399 0.01924928 0.03525046
3 0.68912416 0.72912801 0.00962464 0.01855288
1 0.44658325 0.13543599 0.01539942 0.03710575
0 0.89894129 0.85807050 0.01924928 0.03525046
1 0.62175168 0.13543599 0.01539942 0.03710575
0 0.57170356 0.20315399 0.01924928 0.03525046
5 0.11645813 0.33395176 0.02887392 0.01855288
2 0.68623677 0.79035250 0.00769971 0.03710575
0 0.37921078 0.99072356 0.01924928 0.01855288
5 0.16073147 0.81632653 0.02887392 0.01855288
2 0.79307026 0.53246753 0.01924928 0.01484230
2 0.49085659 0.15398887 0.00769971 0.03710575
2 0.64003850 0.30612245 0.00769971 0.03710575
5 0.16073147 0.87384045 0.02887392 0.01855288
11 0.78055823 0.69573284 0.03272377 0.01113173
0 0.83349374 0.86920223 0.01924928 0.03525046
0 0.19441771 0.46103896 0.01924928 0.03525046
0 0.47930703 0.98886827 0.01924928 0.02226345
5 0.54186718 0.01020408 0.00962464 0.02040816
0 0.44562079 0.20315399 0.01924928 0.03525046
7 0.17228104 0.73654917 0.01924928 0.02597403
0 0.29547642 0.20315399 0.01924928 0.03525046
5 0.16073147 0.64564007 0.02887392 0.01855288
5 0.42444658 0.00463822 0.00962464 0.00927644
5 0.76900866 0.84044527 0.02887392 0.01855288
5 0.66698749 0.89795918 0.02887392 0.01855288
5 0.69682387 0.35807050 0.02887392 0.01855288
