19 0.98688873 0.47639752 0.01771793 0.05093168
4 0.04854713 0.49192547 0.08291991 0.39751553
4 0.36392629 0.47826087 0.13536499 0.58136646
1 0.83132530 0.86335404 0.01133948 0.02484472
1 0.77037562 0.43975155 0.01133948 0.02484472
1 0.19489724 0.49068323 0.01417434 0.01987578
1 0.47696669 0.86708075 0.01133948 0.02484472
4 0.04854713 0.20683230 0.08291991 0.06583851
1 0.83132530 0.14534161 0.01133948 0.02484472
5 0.88802268 0.05341615 0.02126152 0.01242236
11 0.64351524 0.72546584 0.02409639 0.00745342
0 0.48476258 0.58447205 0.01417434 0.02360248
1 0.86817860 0.53913043 0.01133948 0.02484472
4 0.27639972 0.38571429 0.01700921 0.01863354
1 0.47909284 0.22732919 0.01417434 0.01987578
1 0.91353650 0.51801242 0.01133948 0.02484472
1 0.72501772 0.47826087 0.01133948 0.02484472
1 0.91353650 0.43850932 0.01133948 0.02484472
1 0.79376329 0.12049689 0.01133948 0.02484472
1 0.47696669 0.13664596 0.01133948 0.02484472
1 0.55279943 0.55776398 0.01133948 0.02484472
5 0.08150248 0.94037267 0.02126152 0.01242236
1 0.25088590 0.85838509 0.01133948 0.02484472
0 0.79234585 0.50621118 0.01417434 0.02360248
0 0.25088590 0.16708075 0.01417434 0.02360248
4 0.27639972 0.59751553 0.01700921 0.01987578
1 0.47200567 0.72919255 0.01417434 0.01987578
0 0.47625797 0.38944099 0.01417434 0.02360248
2 0.19702339 0.72919255 0.01417434 0.00993789
0 0.79376329 0.91739130 0.01417434 0.02360248
1 0.79376329 0.83229814 0.01133948 0.02484472
0 0.25017718 0.70372671 0.01417434 0.02360248
0 0.47625797 0.91366460 0.01417434 0.02360248
1 0.86817860 0.41118012 0.01133948 0.02484472
1 0.55279943 0.31925466 0.01133948 0.02484472
0 0.25088590 0.90124224 0.01417434 0.02360248
5 0.88802268 0.01366460 0.02126152 0.01242236
1 0.77037562 0.51304348 0.01133948 0.02484472
0 0.89156627 0.51739130 0.01417434 0.02360248
1 0.55279943 0.64099379 0.01133948 0.02484472
0 0.48476258 0.69378882 0.01417434 0.02360248
2 0.83203402 0.09316770 0.00566974 0.02484472
1 0.48192771 0.46335404 0.01417434 0.01987578
0 0.79376329 0.20434783 0.01417434 0.02360248
0 0.22111977 0.80062112 0.01417434 0.02360248
11 0.64351524 0.22360248 0.02409639 0.00745342
1 0.25017718 0.12546584 0.01417434 0.01987578
1 0.21970234 0.76149068 0.01133948 0.02484472
0 0.47625797 0.17453416 0.01417434 0.02360248
1 0.47200567 0.49068323 0.01417434 0.01987578
2 0.45428774 0.06832298 0.00566974 0.02484472
2 0.83203402 0.80869565 0.00566974 0.02484472
1 0.55279943 0.39627329 0.01133948 0.02484472
2 0.19702339 0.43726708 0.01417434 0.00993789
2 0.27356485 0.88819876 0.00566974 0.02484472
0 0.25088590 0.28012422 0.01417434 0.02360248
2 0.19702339 0.41118012 0.01417434 0.00993789
5 0.88802268 0.76894410 0.02126152 0.01242236
2 0.27356485 0.06832298 0.00566974 0.02484472
11 0.64351524 0.48819876 0.02409639 0.00745342
5 0.88802268 0.94037267 0.02126152 0.01242236
2 0.45428774 0.88819876 0.00566974 0.02484472
2 0.91424522 0.57018634 0.00566974 0.02484472
0 0.47625797 0.27763975 0.01417434 0.02360248
2 0.91353650 0.38509317 0.00566974 0.02484472
11 0.64351524 0.46086957 0.02409639 0.00745342
0 0.24379872 0.44161491 0.01417434 0.02360248
