4 0.57266910 0.50000000 0.35557587 0.48989899
19 0.95338208 0.49936869 0.08775137 0.25378788
4 0.07906764 0.55681818 0.13619744 0.11111111
2 0.20109689 0.35858586 0.00731261 0.02525253
2 0.20201097 0.68939394 0.00731261 0.02525253
1 0.44789762 0.10227273 0.01828154 0.02020202
2 0.25594150 0.68939394 0.00731261 0.02525253
2 0.58500914 0.86868687 0.00731261 0.02525253
1 0.80438757 0.63131313 0.01462523 0.02525253
1 0.44881170 0.17676768 0.01828154 0.02020202
4 0.07906764 0.76515152 0.13619744 0.07323232
1 0.70840951 0.89898990 0.01462523 0.02525253
0 0.66727605 0.15340909 0.01828154 0.02398990
2 0.55758684 0.86994949 0.00731261 0.02525253
1 0.80438757 0.36616162 0.01462523 0.02525253
0 0.50274223 0.83522727 0.01828154 0.02398990
1 0.66819013 0.10101010 0.01462523 0.02525253
4 0.07906764 0.42424242 0.13619744 0.07323232
1 0.55758684 0.10227273 0.01462523 0.02525253
0 0.81901280 0.53219697 0.01828154 0.02398990
1 0.74954296 0.10353535 0.01462523 0.02525253
0 0.62705667 0.95012626 0.01828154 0.02398990
1 0.44881170 0.89646465 0.01462523 0.02525253
0 0.58500914 0.17361111 0.01828154 0.02398990
1 0.62705667 0.89646465 0.01462523 0.02525253
0 0.57221207 0.95138889 0.01828154 0.02398990
0 0.70840951 0.94886364 0.01828154 0.02398990
0 0.44789762 0.94886364 0.01828154 0.02398990
3 0.44789762 0.82196970 0.00914077 0.01262626
0 0.74954296 0.15340909 0.01828154 0.02398990
0 0.35283364 0.54734848 0.01828154 0.02398990
3 0.20109689 0.63762626 0.00914077 0.01262626
3 0.70932358 0.82196970 0.00914077 0.01262626
3 0.25685558 0.63762626 0.00914077 0.01262626
3 0.20201097 0.30681818 0.00914077 0.01262626
3 0.63985375 0.02525253 0.00914077 0.01262626
