20 0.09532062 0.45333333 0.04159445 0.10222222
16 0.81542461 0.69333333 0.05025997 0.04444444
4 0.68110919 0.36555556 0.15944541 0.10444444
4 0.29289428 0.50222222 0.15944541 0.09777778
2 0.68110919 0.78222222 0.01386482 0.04444444
2 0.29116118 0.26222222 0.01386482 0.04444444
2 0.82668977 0.27111111 0.01386482 0.04444444
2 0.68110919 0.59555556 0.01386482 0.04444444
2 0.42114385 0.59555556 0.01386482 0.04444444
2 0.28942808 0.12444444 0.01386482 0.04444444
0 0.82842288 0.95666667 0.03466205 0.04222222
1 0.75909879 0.49777778 0.03466205 0.03555556
1 0.53379549 0.19555556 0.02772964 0.04444444
