4 0.36190476 0.23277075 0.27428571 0.23769339
4 0.36190476 0.80098453 0.27428571 0.23769339
16 0.04095238 0.59353024 0.05523810 0.02812940
20 0.87047619 0.32981716 0.05714286 0.06047820
4 0.91904762 0.70464135 0.15428571 0.17440225
6 0.64000000 0.53023910 0.02666667 0.02812940
6 0.80380952 0.17440225 0.03809524 0.01969058
6 0.52571429 0.07735584 0.03809524 0.01969058
2 0.13714286 0.53305204 0.01523810 0.02812940
0 0.72000000 0.41983122 0.03809524 0.02672293
6 0.37333333 0.59493671 0.03809524 0.01969058
0 0.36571429 0.41983122 0.03809524 0.02672293
0 0.87047619 0.41983122 0.03809524 0.02672293
2 0.87047619 0.22925457 0.01523810 0.02812940
2 0.47428571 0.47960619 0.03809524 0.01125176
1 0.71428571 0.84528833 0.03047619 0.02812940
0 0.36571429 0.98734177 0.03809524 0.02531646
2 0.64000000 0.66526020 0.01523810 0.02812940
0 0.71238095 0.98734177 0.03809524 0.02531646
1 0.72190476 0.27707454 0.03047619 0.02812940
