6 0.66294118 0.24029126 0.00274510 0.00606796
0 0.45333333 0.41580704 0.00392157 0.00576456
0 0.58039216 0.39820995 0.00392157 0.00576456
6 0.61098039 0.24029126 0.00274510 0.00606796
1 0.45333333 0.37864078 0.00313725 0.00606796
0 0.57450980 0.68431432 0.00392157 0.00576456
1 0.58039216 0.72694175 0.00313725 0.00606796
1 0.57450980 0.62864078 0.00313725 0.00606796
0 0.33176471 0.32630461 0.00392157 0.00576456
8 0.74784314 0.30400485 0.00392157 0.00606796
1 0.41254902 0.20843447 0.00313725 0.00606796
0 0.42431373 0.75561286 0.00392157 0.00576456
0 0.38960784 0.35330704 0.00392157 0.00576456
4 0.49950980 0.68719660 0.05745098 0.07099515
0 0.58039216 0.76441141 0.00392157 0.00576456
4 0.52254902 0.32054005 0.08039216 0.10649272
4 0.37235294 0.32084345 0.00392157 0.03671117
2 0.60921569 0.18598301 0.00156863 0.00606796
3 0.63843137 0.15898058 0.00196078 0.00303398
3 0.58607843 0.15867718 0.00196078 0.00303398
0 0.41254902 0.25106189 0.00392157 0.00576456
8 0.71313725 0.25940534 0.00392157 0.00606796
2 0.66117647 0.18598301 0.00156863 0.00606796
3 0.63215686 0.69629854 0.00196078 0.00303398
8 0.64941176 0.59010922 0.00392157 0.00606796
3 0.30313725 0.16899272 0.00196078 0.00303398
2 0.63764706 0.21298544 0.00156863 0.00606796
3 0.43607843 0.35649272 0.00196078 0.00303398
8 0.73058824 0.28640777 0.00392157 0.00606796
2 0.58549020 0.21237864 0.00156863 0.00606796
