5 0.05911824 0.36332180 0.03006012 0.01730104
4 0.36623246 0.49826990 0.20941884 0.96885813
5 0.96492986 0.49480969 0.03006012 0.01730104
5 0.03807615 0.49480969 0.03006012 0.01730104
5 0.94889780 0.62629758 0.03006012 0.01730104
6 0.13026052 0.10034602 0.02004008 0.02422145
2 0.08416834 0.83044983 0.00801603 0.03460208
2 0.68336673 0.19031142 0.00801603 0.03460208
2 0.68336673 0.37370242 0.00801603 0.03460208
2 0.73947896 0.18685121 0.00801603 0.03460208
1 0.18837675 0.92906574 0.01603206 0.03460208
1 0.58717435 0.17301038 0.01603206 0.03460208
0 0.16032064 0.27249135 0.02004008 0.03287197
0 0.58717435 0.24480969 0.02004008 0.03287197
1 0.16032064 0.18685121 0.01603206 0.03460208
0 0.18937876 0.98442907 0.02004008 0.03114187
2 0.83567134 0.36505190 0.00801603 0.03460208
0 0.68336673 0.46972318 0.02004008 0.03287197
0 0.54108216 0.98442907 0.02004008 0.03114187
0 0.01302605 0.98442907 0.02004008 0.03114187
0 0.08416834 0.98442907 0.02004008 0.03114187
0 0.61122244 0.98442907 0.02004008 0.03114187
5 0.03106212 0.10034602 0.03006012 0.01730104
5 0.94889780 0.10207612 0.03006012 0.01730104
