4 0.65144231 0.35638298 0.12019231 0.37234043
1 0.21394231 0.50000000 0.01923077 0.05319149
11 0.12980769 0.50000000 0.00721154 0.09042553
11 0.32211538 0.50000000 0.00721154 0.09042553
1 0.27163462 0.29521277 0.02403846 0.04255319
1 0.47836538 0.57180851 0.01923077 0.05319149
18 0.84855769 0.20611702 0.01201923 0.03989362
1 0.53966346 0.57446809 0.01923077 0.05319149
2 0.44230769 0.38829787 0.02403846 0.02127660
0 0.21394231 0.69015957 0.02403846 0.05053191
0 0.13341346 0.73803191 0.02403846 0.05053191
0 0.94290865 0.21276596 0.02283654 0.05319149
0 0.47716346 0.76462766 0.02403846 0.05053191
0 0.32572115 0.73803191 0.02403846 0.05053191
0 0.48137019 0.21276596 0.02283654 0.05319149
7 0.76442308 0.30319149 0.02403846 0.03723404
5 0.86899038 0.57446809 0.03605769 0.02659574
0 0.53846154 0.76462766 0.02403846 0.05053191
5 0.87139423 0.39361702 0.03605769 0.02659574
8 0.13221154 0.08510638 0.02403846 0.05319149
3 0.38942308 0.35372340 0.01201923 0.02659574
