16 0.58880666 0.34602649 0.02682701 0.03311258
18 0.25485661 0.43046358 0.01387604 0.01655629
11 0.59111933 0.57947020 0.00555042 0.05629139
2 0.13320999 0.46854305 0.00740056 0.03311258
2 0.72617946 0.72847682 0.00740056 0.03311258
2 0.59019426 0.72847682 0.00740056 0.03311258
16 0.72386679 0.51490066 0.02682701 0.03311258
4 0.89824237 0.57284768 0.11470860 0.14900662
1 0.45513414 0.43046358 0.01480111 0.03311258
1 0.45513414 0.74834437 0.01480111 0.03311258
1 0.45513414 0.57947020 0.01480111 0.03311258
3 0.82886216 0.07119205 0.00925069 0.01655629
0 0.38205365 0.94784768 0.01850139 0.03145695
1 0.21646623 0.59933775 0.01480111 0.03311258
1 0.29879741 0.60264901 0.01480111 0.03311258
2 0.13135985 0.20695364 0.00740056 0.03311258
