4 0.70523752 0.35924370 0.24116931 0.63865546
4 0.46345920 0.86029412 0.04750305 0.11974790
0 0.01522533 0.31302521 0.02314251 0.04201681
0 0.51278928 0.70483193 0.02436054 0.03991597
1 0.23142509 0.89075630 0.02436054 0.03361345
1 0.23142509 0.58823529 0.02436054 0.03361345
1 0.26796590 0.20168067 0.01948843 0.04201681
0 0.53593179 0.94852941 0.02436054 0.03991597
14 0.13824604 0.20693277 0.03532278 0.11134454
0 0.15651644 0.73949580 0.02314251 0.04201681
18 0.28928136 0.72268908 0.01827040 0.02100840
3 0.89890378 0.03571429 0.01218027 0.02100840
2 0.09866017 0.31092437 0.02436054 0.01680672
3 0.14738124 0.06512605 0.01218027 0.02100840
3 0.92448234 0.34243697 0.01218027 0.02100840
