7 0.08117647 0.51699029 0.00274510 0.00606796
4 0.17598039 0.71374393 0.05745098 0.17809466
4 0.50529412 0.29368932 0.06901961 0.23179612
4 0.78254902 0.49029126 0.06901961 0.07099515
0 0.45333333 0.78200850 0.00392157 0.00576456
4 0.78254902 0.66899272 0.06901961 0.07099515
4 0.50529412 0.57069175 0.06901961 0.23179612
7 0.11450980 0.51729369 0.00274510 0.00606796
0 0.25098039 0.82691141 0.00392157 0.00576456
0 0.10666667 0.34450850 0.00392157 0.00576456
0 0.22784314 0.83570995 0.00392157 0.00576456
0 0.37235294 0.66611044 0.00392157 0.00576456
0 0.25098039 0.71070995 0.00392157 0.00576456
0 0.56294118 0.58570995 0.00392157 0.00576456
0 0.30882353 0.65700850 0.00392157 0.00576456
1 0.22784314 0.80703883 0.00313725 0.00606796
0 0.30882353 0.81780947 0.00392157 0.00576456
0 0.07764706 0.71070995 0.00392157 0.00576456
1 0.30862745 0.61923544 0.00313725 0.00606796
1 0.34333333 0.48543689 0.00313725 0.00606796
1 0.33764706 0.61953883 0.00313725 0.00606796
0 0.29725490 0.53200850 0.00392157 0.00576456
1 0.32000000 0.48543689 0.00313725 0.00606796
1 0.39509804 0.48543689 0.00313725 0.00606796
0 0.68431373 0.39790655 0.00392157 0.00576456
1 0.45313725 0.75364078 0.00313725 0.00606796
1 0.37235294 0.63713592 0.00313725 0.00606796
0 0.11235294 0.71070995 0.00392157 0.00576456
1 0.36647059 0.48543689 0.00313725 0.00606796
2 0.11235294 0.47178398 0.00156863 0.00606796
1 0.25098039 0.79793689 0.00313725 0.00606796
1 0.42431373 0.48543689 0.00313725 0.00606796
2 0.38372549 0.21298544 0.00156863 0.00606796
0 0.23352941 0.72861044 0.00392157 0.00576456
2 0.07764706 0.64199029 0.00156863 0.00606796
1 0.29686275 0.48543689 0.00313725 0.00606796
0 0.11235294 0.55870752 0.00392157 0.00576456
1 0.10666667 0.30643204 0.00313725 0.00606796
2 0.07764706 0.47178398 0.00156863 0.00606796
2 0.33176471 0.21298544 0.00156863 0.00606796
0 0.07764706 0.55870752 0.00392157 0.00576456
1 0.42431373 0.63743932 0.00313725 0.00606796
1 0.39529412 0.63743932 0.00313725 0.00606796
2 0.34901961 0.21298544 0.00156863 0.00606796
2 0.36647059 0.21298544 0.00156863 0.00606796
2 0.25098039 0.67748786 0.00156863 0.00606796
0 0.71460784 0.22208738 0.00372549 0.00606796
4 0.20264706 0.33434466 0.11470588 0.29004854
2 0.08921569 0.28458738 0.00392157 0.00242718
0 0.87911765 0.22178398 0.00372549 0.00606796
0 0.86352941 0.39790655 0.00392157 0.00576456
6 0.86352941 0.34466019 0.00274510 0.00606796
2 0.47058824 0.73118932 0.00392157 0.00242718
6 0.68431373 0.34526699 0.00274510 0.00606796
5 0.43352941 0.24817961 0.00588235 0.00303398
0 0.67254902 0.51350121 0.00392157 0.00576456
0 0.66117647 0.69250607 0.00392157 0.00576456
5 0.88294118 0.27548544 0.00588235 0.00303398
5 0.88294118 0.29308252 0.00588235 0.00303398
5 0.88274510 0.31128641 0.00588235 0.00303398
3 0.30862745 0.58889563 0.00196078 0.00303398
3 0.83431373 0.18689320 0.00196078 0.00303398
3 0.72470588 0.18689320 0.00196078 0.00303398
5 0.78647059 0.24029126 0.00588235 0.00303398
4 0.76235294 0.25788835 0.01686275 0.14259709
5 0.88294118 0.25758495 0.00588235 0.00303398
3 0.49352941 0.71419903 0.00196078 0.00303398
3 0.29725490 0.45479369 0.00196078 0.00303398
3 0.07764706 0.60709951 0.00196078 0.00303398
4 0.28000000 0.77169296 0.02274510 0.02639563
5 0.88294118 0.23968447 0.00588235 0.00303398
3 0.38352941 0.16899272 0.00196078 0.00303398
5 0.78647059 0.27609223 0.00588235 0.00303398
5 0.43352941 0.25849515 0.00588235 0.00303398
14 0.79176471 0.25500607 0.01098039 0.01365291
