4 0.75549451 0.61904762 0.20695971 0.53061224
0 0.93956044 0.92346939 0.03663004 0.06462585
2 0.39194139 0.25850340 0.01465201 0.06802721
2 0.44322344 0.26530612 0.01465201 0.06802721
2 0.33882784 0.26190476 0.01465201 0.06802721
2 0.27472527 0.25850340 0.01465201 0.06802721
2 0.44322344 0.63945578 0.03663004 0.02721088
2 0.50915751 0.25850340 0.01465201 0.06802721
12 0.06410256 0.59863946 0.05494505 0.03401361
12 0.06410256 0.54421769 0.05494505 0.03401361
12 0.06593407 0.74149660 0.05494505 0.03401361
5 0.06043956 0.44217687 0.05494505 0.03401361
5 0.06043956 0.69047619 0.05494505 0.03401361
3 0.93956044 0.29591837 0.01831502 0.03401361
12 0.06227106 0.48979592 0.05494505 0.03401361
3 0.58608059 0.05442177 0.01831502 0.03401361
