4 0.41269841 0.41666667 0.09876543 0.35000000
4 0.74955908 0.43333333 0.05643739 0.40833333
2 0.56084656 0.52916667 0.01410935 0.08333333
0 0.69135802 0.86458333 0.03527337 0.07916667
1 0.29982363 0.41250000 0.02821869 0.08333333
0 0.11640212 0.49791667 0.03527337 0.07916667
0 0.75485009 0.86458333 0.03527337 0.07916667
0 0.80776014 0.20625000 0.03527337 0.07916667
0 0.69135802 0.20625000 0.03527337 0.07916667
2 0.68783069 0.74166667 0.01410935 0.08333333
3 0.22222222 0.42083333 0.01763668 0.04166667
2 0.64197531 0.69166667 0.01410935 0.08333333
