4 0.38273921 0.46961326 0.25140713 0.86187845
0 0.80487805 0.58425414 0.03752345 0.05248619
2 0.83114447 0.69613260 0.01500938 0.05524862
1 0.67166979 0.74585635 0.03001876 0.05524862
2 0.85928705 0.81767956 0.01500938 0.05524862
2 0.83114447 0.60773481 0.01500938 0.05524862
0 0.64540338 0.26381215 0.03752345 0.05248619
1 0.67166979 0.54143646 0.03001876 0.05524862
1 0.71669794 0.14364641 0.03001876 0.05524862
0 0.85928705 0.98066298 0.03752345 0.03867403
2 0.64540338 0.18232044 0.01500938 0.05524862
2 0.60412758 0.56906077 0.01500938 0.05524862
1 0.13508443 0.14364641 0.03001876 0.05524862
2 0.60412758 0.77071823 0.01500938 0.05524862
1 0.67166979 0.34254144 0.03001876 0.05524862
0 0.60412758 0.84944751 0.03752345 0.05248619
0 0.67166979 0.41574586 0.03752345 0.05248619
0 0.43902439 0.98618785 0.03752345 0.02762431
2 0.60412758 0.37016575 0.01500938 0.05524862
2 0.85928705 0.90607735 0.01500938 0.05524862
0 0.60412758 0.45718232 0.03752345 0.05248619
0 0.56848030 0.28591160 0.03752345 0.05248619
0 0.66979362 0.62292818 0.03752345 0.05248619
2 0.80487805 0.49723757 0.01500938 0.05524862
0 0.67166979 0.82182320 0.03752345 0.05248619
1 0.57035647 0.22099448 0.03001876 0.05524862
0 0.83114447 0.77762431 0.03752345 0.05248619
2 0.80300188 0.40883978 0.01500938 0.05524862
0 0.71669794 0.21685083 0.03752345 0.05248619
0 0.60412758 0.65607735 0.03752345 0.05248619
0 0.13508443 0.21685083 0.03752345 0.05248619
