4 0.57080420 0.48599269 0.20279720 0.70645554
2 0.79720280 0.60048721 0.01748252 0.00974421
0 0.38461538 0.31242387 0.01748252 0.02314251
2 0.80244755 0.36784409 0.01748252 0.00974421
2 0.71153846 0.36906212 0.01748252 0.00974421
0 0.79370629 0.25639464 0.01748252 0.02314251
0 0.43269231 0.62545676 0.01748252 0.02314251
0 0.43269231 0.51096224 0.01748252 0.02314251
1 0.70279720 0.18635810 0.01398601 0.02436054
0 0.87237762 0.84591961 0.01748252 0.02314251
0 0.87194056 0.60048721 0.01660839 0.02436054
2 0.43531469 0.83800244 0.00699301 0.02436054
0 0.70629371 0.84470158 0.01748252 0.02314251
0 0.83041958 0.84591961 0.01748252 0.02314251
2 0.70979021 0.60048721 0.01748252 0.00974421
0 0.87019231 0.36662607 0.01660839 0.02436054
0 0.39160839 0.91656516 0.01748252 0.02314251
1 0.70279720 0.23995128 0.01398601 0.02436054
2 0.38986014 0.83678441 0.00699301 0.02436054
1 0.43006993 0.45919610 0.01398601 0.02436054
1 0.43006993 0.57369062 0.01398601 0.02436054
1 0.81643357 0.44214373 0.01398601 0.02436054
1 0.38286713 0.18635810 0.01398601 0.02436054
1 0.70454545 0.77344702 0.01398601 0.02436054
1 0.83566434 0.36784409 0.01398601 0.02436054
1 0.74912587 0.18635810 0.01398601 0.02436054
1 0.74825175 0.23995128 0.01398601 0.02436054
1 0.75000000 0.59926918 0.01748252 0.01948843
8 0.39510490 0.54811206 0.01748252 0.02436054
8 0.32167832 0.43483557 0.01748252 0.02436054
8 0.73776224 0.74056029 0.01748252 0.02436054
1 0.75000000 0.36784409 0.01748252 0.01948843
11 0.82517483 0.51522533 0.00524476 0.04141291
1 0.41958042 0.18635810 0.01398601 0.02436054
8 0.31993007 0.16321559 0.01748252 0.02436054
8 0.73776224 0.68574909 0.01748252 0.02436054
1 0.83566434 0.60657734 0.01748252 0.01948843
