4 0.47622222 0.47280702 0.07333333 0.18912281
4 0.78933333 0.51473684 0.00622222 0.02035088
4 0.48622222 0.79315789 0.01288889 0.17789474
4 0.78933333 0.58842105 0.00622222 0.02035088
4 0.71266667 0.72491228 0.01955556 0.02035088
4 0.12322222 0.17859649 0.00644444 0.02035088
0 0.85411111 0.40070175 0.00422222 0.00701754
0 0.40622222 0.16192982 0.00444444 0.00666667
0 0.66577778 0.10859649 0.00444444 0.00666667
2 0.35911111 0.89122807 0.00177778 0.00701754
22 0.66588889 0.54526316 0.01488889 0.04982456
2 0.35933333 0.33543860 0.00177778 0.00701754
2 0.25266667 0.89192982 0.00177778 0.00701754
0 0.17955556 0.21385965 0.00444444 0.00666667
2 0.14622222 0.89157895 0.00177778 0.00701754
0 0.66577778 0.48684211 0.00444444 0.00666667
17 0.14133333 0.31508772 0.00444444 0.00701754
2 0.19955556 0.89333333 0.00177778 0.00701754
0 0.55933333 0.60333333 0.00444444 0.00666667
2 0.27933333 0.89333333 0.00177778 0.00701754
2 0.38577778 0.89192982 0.00177778 0.00701754
0 0.11955556 0.59140351 0.00444444 0.00666667
0 0.53222222 0.11912281 0.00444444 0.00666667
22 0.69255556 0.54526316 0.01444444 0.04842105
2 0.30600000 0.89333333 0.00177778 0.00701754
2 0.06644444 0.89333333 0.00177778 0.00701754
2 0.22622222 0.89333333 0.00177778 0.00701754
2 0.17266667 0.89157895 0.00177778 0.00701754
0 0.63244444 0.48684211 0.00444444 0.00666667
2 0.43911111 0.89333333 0.00177778 0.00701754
0 0.43911111 0.16087719 0.00444444 0.00666667
2 0.11955556 0.89333333 0.00177778 0.00701754
2 0.33266667 0.89333333 0.00177778 0.00701754
2 0.41288889 0.89333333 0.00177778 0.00701754
2 0.09288889 0.89333333 0.00177778 0.00701754
0 0.37244444 0.16087719 0.00444444 0.00666667
0 0.10622222 0.44473684 0.00444444 0.00666667
2 0.24711111 0.33614035 0.00177778 0.00701754
17 0.86400000 0.34596491 0.00444444 0.00701754
17 0.66577778 0.07438596 0.00444444 0.00701754
0 0.23288889 0.29807018 0.00444444 0.00666667
0 0.16622222 0.47666667 0.00444444 0.00666667
17 0.22133333 0.25263158 0.00444444 0.00701754
0 0.15911111 0.64473684 0.00444444 0.00666667
0 0.68577778 0.84473684 0.00444444 0.00666667
0 0.49933333 0.61350877 0.00444444 0.00666667
0 0.72577778 0.10859649 0.00444444 0.00666667
1 0.66600000 0.45157895 0.00355556 0.00701754
2 0.68555556 0.78771930 0.00177778 0.00701754
2 0.73888889 0.78807018 0.00177778 0.00701754
0 0.71222222 0.41877193 0.00444444 0.00666667
0 0.60577778 0.37175439 0.00444444 0.00666667
1 0.55955556 0.49333333 0.00444444 0.00561404
1 0.43911111 0.12561404 0.00355556 0.00701754
1 0.63288889 0.45122807 0.00355556 0.00701754
1 0.37288889 0.12561404 0.00444444 0.00561404
0 0.04000000 0.95105263 0.00444444 0.00666667
1 0.55911111 0.54561404 0.00355556 0.00701754
0 0.85866667 0.26649123 0.00444444 0.00666667
1 0.63911111 0.54596491 0.00355556 0.00701754
17 0.74533333 0.60912281 0.00444444 0.00701754
2 0.31244444 0.33649123 0.00177778 0.00701754
4 0.08333333 0.39403509 0.00622222 0.07298246
1 0.61244444 0.54596491 0.00355556 0.00701754
2 0.27911111 0.33543860 0.00177778 0.00701754
17 0.49266667 0.08491228 0.00444444 0.00701754
1 0.68577778 0.63508772 0.00355556 0.00701754
2 0.71200000 0.31508772 0.00177778 0.00701754
1 0.58577778 0.54596491 0.00355556 0.00701754
1 0.40622222 0.12596491 0.00355556 0.00701754
17 0.17333333 0.58807018 0.00444444 0.00701754
2 0.71244444 0.78807018 0.00177778 0.00701754
2 0.71222222 0.38315789 0.00177778 0.00701754
0 0.27955556 0.54017544 0.00444444 0.00666667
1 0.17955556 0.13614035 0.00355556 0.00701754
2 0.55244444 0.31052632 0.00177778 0.00701754
17 0.21266667 0.45122807 0.00444444 0.00701754
17 0.72577778 0.07473684 0.00444444 0.00701754
17 0.13955556 0.35719298 0.00444444 0.00701754
3 0.87000000 0.19859649 0.00222222 0.00350877
2 0.66577778 0.39929825 0.00177778 0.00701754
17 0.74577778 0.49403509 0.00444444 0.00701754
17 0.58577778 0.45578947 0.00444444 0.00701754
2 0.71911111 0.63508772 0.00177778 0.00701754
17 0.17355556 0.62947368 0.00444444 0.00701754
17 0.86533333 0.38771930 0.00444444 0.00701754
1 0.57911111 0.35649123 0.00444444 0.00561404
4 0.32311111 0.26280702 0.00622222 0.03087719
3 0.55044444 0.45122807 0.00222222 0.00350877
3 0.35911111 0.30491228 0.00222222 0.00350877
17 0.26666667 0.52421053 0.00444444 0.00701754
2 0.11933333 0.51368421 0.00177778 0.00701754
4 0.12322222 0.10491228 0.00644444 0.02035088
17 0.53244444 0.08561404 0.00444444 0.00701754
17 0.86977778 0.25473684 0.00444444 0.00701754
17 0.22000000 0.28280702 0.00444444 0.00701754
3 0.40822222 0.49543860 0.00222222 0.00350877
17 0.15422222 0.46105263 0.00444444 0.00701754
3 0.11955556 0.48245614 0.00222222 0.00350877
17 0.26711111 0.47298246 0.00444444 0.00701754
26 0.08366667 0.55684211 0.01000000 0.03578947
3 0.29666667 0.10526316 0.00222222 0.00350877
