4 0.44678492 0.42915309 0.20177384 0.37947883
4 0.82760532 0.42019544 0.15188470 0.36156352
2 0.15077605 0.54071661 0.00886918 0.03257329
20 0.07483370 0.37540717 0.03436807 0.02768730
1 0.27716186 0.32573290 0.01773836 0.03257329
1 0.27827051 0.46091205 0.01773836 0.03257329
1 0.63414634 0.32247557 0.01773836 0.03257329
0 0.27716186 0.39332248 0.02217295 0.03094463
0 0.27716186 0.53013029 0.02217295 0.03094463
0 0.15188470 0.65716612 0.02217295 0.03094463
0 0.63414634 0.39006515 0.02217295 0.03094463
0 0.52771619 0.82003257 0.02217295 0.03094463
0 0.07538803 0.82003257 0.02217295 0.03094463
