7 0.15000000 0.29084967 0.03125000 0.02287582
4 0.40781250 0.45424837 0.25937500 0.43137255
11 0.65156250 0.29411765 0.05312500 0.00980392
7 0.15156250 0.36437908 0.03125000 0.02287582
2 0.03750000 0.22875817 0.01250000 0.03267974
2 0.65468750 0.72222222 0.01250000 0.03267974
2 0.65468750 0.64052288 0.01250000 0.03267974
1 0.72500000 0.55555556 0.02500000 0.03267974
0 0.72500000 0.62990196 0.03125000 0.03104575
2 0.72656250 0.45098039 0.01250000 0.03267974
0 0.46093750 0.20833333 0.03125000 0.03104575
0 0.65625000 0.80473856 0.03125000 0.03104575
0 0.40625000 0.77696078 0.03125000 0.03104575
1 0.45937500 0.14705882 0.02500000 0.03267974
3 0.40781250 0.06699346 0.01562500 0.01633987
3 0.65312500 0.57679739 0.01562500 0.01633987
