24 0.54280156 0.37709497 0.03891051 0.05586592
4 0.29377432 0.93365922 0.12645914 0.11312849
6 0.82101167 0.36312849 0.01361868 0.02793296
6 0.82101167 0.75558659 0.01361868 0.02793296
2 0.72568093 0.19553073 0.00778210 0.02793296
2 0.29377432 0.71648045 0.00778210 0.02793296
4 0.29377432 0.07332402 0.12645914 0.11312849
2 0.72568093 0.40642458 0.00778210 0.02793296
8 0.86186770 0.93296089 0.01945525 0.02793296
2 0.35116732 0.78770950 0.01945525 0.01117318
2 0.42412451 0.78351955 0.00778210 0.02793296
1 0.65661479 0.68715084 0.01556420 0.02793296
8 0.86186770 0.07122905 0.01945525 0.02793296
8 0.05447471 0.93296089 0.01945525 0.02793296
8 0.85992218 0.62569832 0.01945525 0.02793296
8 0.05447471 0.07262570 0.01945525 0.02793296
1 0.36186770 0.54189944 0.01556420 0.02793296
1 0.09630350 0.38407821 0.01945525 0.02234637
1 0.09630350 0.75279330 0.01945525 0.02234637
