4 0.46490196 0.41004248 0.05725490 0.21389563
6 0.30647059 0.37408981 0.00392157 0.00424757
6 0.61254902 0.31128641 0.00392157 0.00424757
26 0.27098039 0.27078277 0.01137255 0.02639563
26 0.77372549 0.46814320 0.01137255 0.02548544
26 0.82000000 0.43219053 0.01137255 0.02518204
6 0.30647059 0.32038835 0.00392157 0.00424757
1 0.39568627 0.23543689 0.00313725 0.00606796
0 0.71921569 0.51259102 0.00392157 0.00576456
26 0.27098039 0.20813107 0.01137255 0.02669903
0 0.38960784 0.52108617 0.00392157 0.00576456
26 0.82000000 0.49438714 0.01137255 0.02639563
6 0.58019608 0.33373786 0.00274510 0.00606796
1 0.71921569 0.45873786 0.00313725 0.00606796
1 0.41862745 0.23543689 0.00313725 0.00606796
2 0.64392157 0.45509709 0.00156863 0.00606796
13 0.67294118 0.42703277 0.00392157 0.00879854
11 0.46196078 0.20206311 0.00666667 0.00182039
2 0.41823529 0.47269417 0.00156863 0.00606796
1 0.37215686 0.23361650 0.00313725 0.00606796
1 0.58039216 0.27123786 0.00313725 0.00606796
1 0.65568627 0.34344660 0.00313725 0.00606796
1 0.38960784 0.46844660 0.00313725 0.00606796
1 0.63254902 0.34253641 0.00313725 0.00606796
1 0.37215686 0.36134709 0.00313725 0.00606796
3 0.26274510 0.31158981 0.00196078 0.00303398
2 0.38941176 0.43689320 0.00156863 0.00606796
0 0.52274510 0.54960558 0.00392157 0.00576456
1 0.36686275 0.45873786 0.00313725 0.00606796
2 0.58039216 0.23118932 0.00156863 0.00606796
1 0.52509804 0.32099515 0.00392157 0.00485437
2 0.52235294 0.50849515 0.00156863 0.00606796
26 0.32588235 0.23498180 0.01137255 0.02639563
2 0.67254902 0.49939320 0.00156863 0.00606796
2 0.52274510 0.46389563 0.00156863 0.00606796
1 0.56294118 0.45084951 0.00313725 0.00606796
3 0.26294118 0.36559466 0.00196078 0.00303398
1 0.58666667 0.45145631 0.00313725 0.00606796
1 0.54039216 0.45873786 0.00313725 0.00606796
1 0.60921569 0.44902913 0.00313725 0.00606796
0 0.41862745 0.52108617 0.00392157 0.00576456
3 0.65568627 0.30339806 0.00196078 0.00303398
17 0.54588235 0.18992718 0.00392157 0.00606796
2 0.52823529 0.39199029 0.00392157 0.00242718
1 0.34392157 0.33404126 0.00313725 0.00606796
0 0.72470588 0.41671723 0.00392157 0.00576456
2 0.35333333 0.33525485 0.00392157 0.00242718
