4 0.52570423 0.41839557 0.18661972 0.51590595
13 0.24330986 0.63623790 0.02042254 0.02766252
13 0.15035211 0.63762102 0.02042254 0.02766252
20 0.94507042 0.35062241 0.03661972 0.01244813
20 0.94507042 0.47786999 0.03661972 0.01521438
1 0.77464789 0.47994467 0.01126761 0.02766252
2 0.36619718 0.51313970 0.01408451 0.01106501
20 0.94542254 0.41424620 0.03732394 0.01521438
2 0.81830986 0.51175657 0.01408451 0.01106501
1 0.77464789 0.29045643 0.01126761 0.02766252
2 0.36690141 0.44951591 0.01408451 0.01106501
2 0.81901408 0.38312586 0.01408451 0.01106501
20 0.94542254 0.28699862 0.03732394 0.01521438
2 0.81901408 0.25864454 0.01408451 0.01106501
1 0.77464789 0.41632089 0.01126761 0.02766252
2 0.81830986 0.44674965 0.01408451 0.01106501
2 0.81830986 0.19502075 0.01408451 0.01106501
2 0.36619718 0.25864454 0.01408451 0.01106501
1 0.77464789 0.22821577 0.01126761 0.02766252
2 0.81830986 0.31950207 0.01408451 0.01106501
2 0.36690141 0.19502075 0.01408451 0.01106501
1 0.77464789 0.35408022 0.01126761 0.02766252
1 0.77464789 0.54495159 0.01126761 0.02766252
1 0.69436620 0.22821577 0.01126761 0.02766252
1 0.38873239 0.67081604 0.01126761 0.02766252
1 0.35774648 0.60719225 0.01126761 0.02766252
8 0.04154930 0.06639004 0.01408451 0.02766252
8 0.23661972 0.19225450 0.01408451 0.02766252
8 0.23661972 0.25726141 0.01408451 0.02766252
8 0.07394366 0.44536653 0.01408451 0.02766252
8 0.04084507 0.87275242 0.01408451 0.02766252
8 0.07394366 0.51313970 0.01408451 0.02766252
