27 0.22906602 0.67073779 0.13446055 0.09421735
4 0.89049919 0.78664008 0.07246377 0.21435693
16 0.49557166 0.67198405 0.02334944 0.00997009
6 0.65378422 0.15553340 0.01127214 0.00997009
2 0.40740741 0.90229312 0.00644122 0.00997009
13 0.46175523 0.33250249 0.02334944 0.00997009
6 0.25442834 0.33998006 0.01127214 0.00997009
6 0.65378422 0.10767697 0.01127214 0.00997009
2 0.18035427 0.38634098 0.01610306 0.00398804
2 0.87922705 0.24725823 0.00644122 0.00997009
2 0.65378422 0.25523430 0.00644122 0.00997009
0 0.19323671 0.76345962 0.01610306 0.00947159
2 0.48148148 0.76520439 0.00644122 0.00997009
16 0.64452496 0.43320040 0.02334944 0.00997009
0 0.42995169 0.56405783 0.01610306 0.00947159
2 0.42995169 0.50199402 0.00644122 0.00997009
0 0.28019324 0.61291127 0.01610306 0.00947159
0 0.40740741 0.97233300 0.01610306 0.00947159
0 0.47987118 0.84122632 0.01610306 0.00947159
2 0.65458937 0.50149551 0.00644122 0.00997009
6 0.21739130 0.90927218 0.01127214 0.00997009
0 0.65378422 0.56355932 0.01610306 0.00947159
6 0.72544283 0.06281157 0.01610306 0.00697906
6 0.11755233 0.91026919 0.01127214 0.00997009
0 0.16827697 0.98678963 0.01610306 0.00947159
6 0.80515298 0.06281157 0.01610306 0.00697906
2 0.49194847 0.43170489 0.01610306 0.00398804
2 0.10547504 0.52442672 0.01610306 0.00398804
2 0.40579710 0.33399801 0.00644122 0.00997009
3 0.25603865 0.27966102 0.00805153 0.00498504
3 0.04347826 0.48005982 0.00805153 0.00498504
1 0.28019324 0.56331007 0.01288245 0.00997009
2 0.29307568 0.85643071 0.01610306 0.00398804
2 0.32850242 0.38584247 0.01610306 0.00398804
2 0.78904992 0.29312064 0.01610306 0.00398804
