4 0.53464819 0.37033399 0.42324094 0.53241650
13 0.41631130 0.81532417 0.03091684 0.03929273
13 0.53731343 0.82809430 0.02132196 0.05697446
2 0.20255864 0.16699411 0.02132196 0.01571709
20 0.15671642 0.44204322 0.04477612 0.03929273
20 0.15671642 0.25638507 0.04690832 0.04125737
2 0.20469083 0.36149312 0.02132196 0.01571709
1 0.23880597 0.25540275 0.01705757 0.03929273
1 0.26759062 0.44990177 0.01705757 0.03929273
0 0.26652452 0.68467583 0.02132196 0.03732809
8 0.86247335 0.04911591 0.02132196 0.03929273
2 0.67484009 0.72691552 0.00852878 0.03929273
8 0.86140725 0.82711198 0.02132196 0.03929273
