4 0.62184874 0.52662722 0.13109244 0.20118343
4 0.17226891 0.58579882 0.03361345 0.03550296
4 0.76470588 0.24260355 0.02521008 0.05917160
4 0.17226891 0.64497041 0.03361345 0.03550296
4 0.57142857 0.23668639 0.02521008 0.05917160
4 0.17226891 0.52071006 0.03361345 0.03550296
4 0.91470588 0.26035503 0.01932773 0.10650888
4 0.17226891 0.70414201 0.03361345 0.03550296
2 0.47058824 0.66627219 0.00672269 0.02366864
1 0.62605042 0.14792899 0.01680672 0.01893491
2 0.49075630 0.66863905 0.00672269 0.02366864
1 0.77310924 0.57988166 0.01680672 0.01893491
2 0.50756303 0.66627219 0.00672269 0.02366864
1 0.59243697 0.14792899 0.01680672 0.01893491
2 0.52857143 0.66627219 0.00672269 0.02366864
2 0.43613445 0.66863905 0.00672269 0.02366864
2 0.81848739 0.46153846 0.00672269 0.02366864
2 0.71764706 0.23786982 0.00672269 0.02366864
2 0.80168067 0.26035503 0.00672269 0.02366864
1 0.53109244 0.43668639 0.01680672 0.01893491
2 0.77310924 0.54556213 0.01680672 0.00946746
0 0.50756303 0.59349112 0.01680672 0.02248521
0 0.20504202 0.72248521 0.01680672 0.02248521
2 0.58487395 0.66272189 0.01680672 0.00946746
0 0.70756303 0.63964497 0.01680672 0.02248521
2 0.28991597 0.55029586 0.01680672 0.00946746
2 0.28907563 0.45562130 0.01680672 0.00946746
2 0.42016807 0.69230769 0.00672269 0.02366864
0 0.52857143 0.69289941 0.01680672 0.02248521
0 0.71554622 0.52071006 0.01596639 0.02366864
2 0.54957983 0.27337278 0.00672269 0.02366864
2 0.28991597 0.50295858 0.01680672 0.00946746
2 0.53445378 0.25443787 0.01680672 0.00946746
2 0.40252101 0.66863905 0.00672269 0.02366864
1 0.42016807 0.64497041 0.01680672 0.01893491
1 0.30756303 0.57633136 0.01344538 0.02366864
2 0.78487395 0.27810651 0.00672269 0.02366864
1 0.30588235 0.47928994 0.01680672 0.01893491
1 0.30588235 0.52662722 0.01680672 0.01893491
0 0.71554622 0.47218935 0.01596639 0.02366864
0 0.63991597 0.40355030 0.01596639 0.02366864
6 0.35630252 0.40710059 0.01680672 0.01656805
