20 0.94271570 0.50236967 0.10042433 0.21090047
4 0.41442716 0.44075829 0.23055163 0.78909953
4 0.05233380 0.40995261 0.09052334 0.21327014
11 0.16265912 0.41232227 0.00424328 0.04028436
0 0.94483734 0.64514218 0.01414427 0.02251185
2 0.40876945 0.91350711 0.00565771 0.02369668
2 0.58698727 0.79739336 0.00565771 0.02369668
11 0.13932107 0.40876777 0.00424328 0.04028436
2 0.79349364 0.33175355 0.00565771 0.02369668
1 0.26096181 0.55568720 0.01414427 0.01895735
1 0.58910891 0.20379147 0.01131542 0.02369668
2 0.67751061 0.55213270 0.00565771 0.02369668
1 0.26025460 0.61966825 0.01414427 0.01895735
0 0.21499293 0.18898104 0.01414427 0.02251185
1 0.26025460 0.75236967 0.01414427 0.01895735
1 0.26025460 0.68957346 0.01414427 0.01895735
0 0.40876945 0.99289100 0.01414427 0.01421801
7 0.78359264 0.25000000 0.00990099 0.02369668
1 0.26096181 0.26303318 0.01414427 0.01895735
1 0.58981612 0.35663507 0.01131542 0.02369668
0 0.58910891 0.26244076 0.01414427 0.02251185
0 0.58981612 0.43779621 0.01414427 0.02251185
1 0.26025460 0.20379147 0.01414427 0.01895735
2 0.29844413 0.86492891 0.01414427 0.00947867
1 0.23903819 0.40995261 0.01131542 0.02369668
1 0.19519095 0.32464455 0.01414427 0.01895735
