6 0.62398823 0.73381295 0.01030169 0.03597122
6 0.72700515 0.73021583 0.01030169 0.03597122
6 0.62398823 0.25899281 0.01030169 0.03597122
6 0.72700515 0.25899281 0.01030169 0.03597122
13 0.10007358 0.70593525 0.01471670 0.05215827
11 0.28697572 0.62410072 0.00441501 0.06115108
11 0.41427520 0.62050360 0.00441501 0.06115108
13 0.10007358 0.21852518 0.01471670 0.05215827
1 0.79175865 0.51079137 0.01177336 0.03597122
1 0.49374540 0.38489209 0.01471670 0.02877698
0 0.11479029 0.97751799 0.01471670 0.03417266
1 0.23105224 0.38489209 0.01471670 0.02877698
0 0.79175865 0.97931655 0.01471670 0.03417266
35 0.86938926 0.52517986 0.05224430 0.14028777
0 0.28403238 0.94694245 0.01471670 0.03417266
