4 0.28082960 0.22657343 0.16255605 0.33006993
4 0.09585202 0.81258741 0.10201794 0.19020979
2 0.81950673 0.31468531 0.00896861 0.02797203
2 0.73542601 0.16223776 0.02242152 0.01118881
2 0.65695067 0.31748252 0.00896861 0.02797203
1 0.73766816 0.40000000 0.02242152 0.02237762
2 0.91031390 0.26993007 0.00896861 0.02797203
5 0.48542601 0.26293706 0.03363229 0.01398601
5 0.91031390 0.54545455 0.01121076 0.04195804
0 0.52970852 0.08531469 0.02130045 0.02797203
0 0.30269058 0.95734266 0.02242152 0.02657343
1 0.57511211 0.31888112 0.01793722 0.02797203
5 0.07062780 0.18881119 0.03363229 0.01398601
0 0.42825112 0.49300699 0.02242152 0.02657343
5 0.81838565 0.56783217 0.01121076 0.04195804
5 0.65695067 0.57342657 0.01121076 0.04195804
