4 0.70387097 0.77044476 0.13290323 0.22381636
6 0.25290323 0.42611191 0.01806452 0.02869440
2 0.25419355 0.15351506 0.01032258 0.02869440
20 0.16451613 0.33142037 0.06580645 0.05738881
2 0.33290323 0.24533716 0.02580645 0.01147776
2 0.41032258 0.51506456 0.01032258 0.02869440
2 0.80774194 0.17073171 0.02580645 0.01147776
2 0.63612903 0.50932568 0.01032258 0.02869440
2 0.42451613 0.33428981 0.01032258 0.02869440
2 0.90322581 0.29985653 0.01032258 0.02869440
14 0.63935484 0.17001435 0.05806452 0.12482066
