4 0.59004474 0.24548736 0.09060403 0.08303249
2 0.75615213 0.56317690 0.00894855 0.03610108
2 0.31096197 0.32129964 0.00894855 0.03610108
2 0.75615213 0.42238267 0.00894855 0.03610108
2 0.31096197 0.46209386 0.00894855 0.03610108
24 0.48993289 0.35740072 0.04474273 0.07220217
4 0.23489933 0.26173285 0.08948546 0.11552347
0 0.47427293 0.93411552 0.02237136 0.03429603
1 0.81879195 0.42779783 0.01789709 0.03610108
1 0.88590604 0.48736462 0.01789709 0.03610108
1 0.09395973 0.31046931 0.01789709 0.03610108
8 0.70693512 0.24909747 0.02237136 0.03610108
