2 0.75031686 0.09815951 0.02534854 0.01635992
2 0.46387833 0.29652352 0.02534854 0.01635992
0 0.34980989 0.55930470 0.02534854 0.03885481
4 0.26552598 0.73006135 0.14068441 0.11860941
2 0.57794677 0.42331288 0.01013942 0.04089980
2 0.21799747 0.19427403 0.01013942 0.04089980
0 0.80735108 0.55725971 0.02534854 0.03885481
0 0.57794677 0.55725971 0.02534854 0.03885481
0 0.26615970 0.89263804 0.02534854 0.03885481
0 0.21799747 0.55725971 0.02534854 0.03885481
6 0.21799747 0.41513292 0.01774398 0.04089980
1 0.35107731 0.44171779 0.02027883 0.04089980
4 0.15462611 0.72903885 0.03548796 0.03476483
24 0.80101394 0.36196319 0.05069708 0.08179959
4 0.21799747 0.10327198 0.02281369 0.05112474
