4 0.62949640 0.45273632 0.23741007 0.69154229
4 0.07074341 0.42786070 0.09352518 0.64179104
0 0.87889688 0.52611940 0.02398082 0.04726368
1 0.46282974 0.59950249 0.01918465 0.04975124
1 0.37889688 0.64925373 0.01918465 0.04975124
2 0.87769784 0.35323383 0.00959233 0.04975124
0 0.37889688 0.82960199 0.02398082 0.04726368
0 0.79616307 0.82711443 0.02398082 0.04726368
2 0.24460432 0.54726368 0.00959233 0.04975124
3 0.46043165 0.45024876 0.01199041 0.02487562
3 0.37889688 0.54975124 0.01199041 0.02487562
3 0.36690647 0.10199005 0.01199041 0.02487562
