4 0.73342541 0.56534091 0.17587477 0.46022727
7 0.33701657 0.37689394 0.01289134 0.03787879
6 0.22836096 0.21022727 0.01841621 0.02651515
33 0.17403315 0.29071970 0.06261510 0.19507576
6 0.35819521 0.58333333 0.01289134 0.03787879
0 0.49539595 0.78314394 0.01841621 0.03598485
0 0.35911602 0.66761364 0.01841621 0.03598485
0 0.58563536 0.57481061 0.01841621 0.03598485
2 0.49539595 0.67045455 0.00736648 0.03787879
2 0.49539595 0.30681818 0.00736648 0.03787879
0 0.26887661 0.42329545 0.01841621 0.03598485
1 0.39410681 0.54166667 0.01841621 0.03030303
0 0.84530387 0.83996212 0.01841621 0.03598485
2 0.39502762 0.47727273 0.00736648 0.03787879
4 0.92725599 0.47916667 0.07918969 0.65909091
1 0.58563536 0.50568182 0.01473297 0.03787879
1 0.26979742 0.29166667 0.01473297 0.03787879
2 0.58563536 0.38636364 0.00736648 0.03787879
2 0.35819521 0.28409091 0.00736648 0.03787879
