4 0.39687848 0.45231959 0.20735786 0.80670103
4 0.83054627 0.34922680 0.04459309 0.49742268
2 0.24303233 0.66494845 0.00891862 0.05154639
1 0.75585284 0.74742268 0.01783724 0.05154639
11 0.64214047 0.56443299 0.03790412 0.01546392
1 0.22296544 0.27835052 0.01783724 0.05154639
0 0.75696767 0.90077320 0.02229654 0.04896907
0 0.24414716 0.80283505 0.02229654 0.04896907
0 0.22073579 0.44201031 0.02229654 0.04896907
0 0.39687848 0.92654639 0.02229654 0.04896907
8 0.09921962 0.15463918 0.02229654 0.05154639
1 0.55072464 0.65979381 0.02229654 0.04123711
