4 0.39954338 0.47455574 0.24200913 0.47899838
4 0.92009132 0.52140549 0.10502283 0.41599354
1 0.14350946 0.38610662 0.01043705 0.01615509
1 0.82322244 0.52665590 0.01043705 0.01615509
1 0.04827136 0.38529887 0.01043705 0.01615509
1 0.09523810 0.38610662 0.01043705 0.01615509
2 0.69406393 0.38529887 0.00521853 0.01615509
1 0.18656230 0.48465267 0.01043705 0.01615509
1 0.71493803 0.50484653 0.01043705 0.01615509
1 0.14024788 0.48465267 0.01043705 0.01615509
1 0.23483366 0.48465267 0.01043705 0.01615509
2 0.23222440 0.16801292 0.01304631 0.00646204
1 0.65622962 0.19063005 0.01043705 0.01615509
1 0.59034573 0.69628433 0.01043705 0.01615509
0 0.84670581 0.74353796 0.01304631 0.01534733
1 0.33659491 0.18255250 0.01043705 0.01615509
0 0.14416177 0.42124394 0.01304631 0.01534733
1 0.35877365 0.75444265 0.01043705 0.01615509
0 0.23548598 0.52140549 0.01304631 0.01534733
0 0.71559035 0.55856220 0.01304631 0.01534733
0 0.82322244 0.56825525 0.01304631 0.01534733
3 0.75472929 0.13974152 0.00652316 0.00807754
0 0.59034573 0.73303716 0.01304631 0.01534733
3 0.21526419 0.28998384 0.00652316 0.00807754
0 0.35877365 0.80250404 0.01304631 0.01534733
3 0.14416177 0.34571890 0.00652316 0.00807754
2 0.55642531 0.09854604 0.00521853 0.01615509
4 0.92009132 0.86227787 0.10502283 0.18982229
3 0.65622962 0.22697900 0.00652316 0.00807754
4 0.65198956 0.88327948 0.12328767 0.14781906
0 0.60665362 0.12399031 0.01304631 0.01534733
13 0.60795825 0.05452342 0.01304631 0.02342488
3 0.48793216 0.22213247 0.00652316 0.00807754
0 0.33659491 0.21607431 0.01304631 0.01534733
