13 0.40609756 0.02218935 0.02439024 0.02859961
4 0.42134146 0.54191321 0.53292683 0.59270217
13 0.51585366 0.09220907 0.02439024 0.02859961
13 0.33292683 0.09220907 0.02439024 0.02859961
13 0.13353659 0.17357002 0.03536585 0.01972387
6 0.05853659 0.43293886 0.02439024 0.01380671
0 0.80853659 0.46203156 0.02439024 0.01873767
0 0.08780488 0.42357002 0.02439024 0.01873767
2 0.73170732 0.33530572 0.02439024 0.00788955
10 0.10365854 0.74605523 0.03902439 0.01479290
1 0.32439024 0.86193294 0.02439024 0.01577909
2 0.38902439 0.12820513 0.00975610 0.01972387
2 0.73170732 0.30966469 0.02439024 0.00788955
2 0.21463415 0.20710059 0.00975610 0.01972387
1 0.69268293 0.14497041 0.01951220 0.01972387
0 0.10731707 0.49358974 0.02439024 0.01873767
2 0.07073171 0.57396450 0.02439024 0.00788955
2 0.06829268 0.62327416 0.02439024 0.00788955
2 0.06951220 0.59960552 0.02439024 0.00788955
1 0.05853659 0.35897436 0.01951220 0.01972387
1 0.10731707 0.45759369 0.01951220 0.01972387
2 0.59146341 0.15483235 0.00975610 0.01972387
0 0.69024390 0.18885602 0.02439024 0.01873767
2 0.56341463 0.12031558 0.00975610 0.01972387
2 0.07073171 0.54930966 0.02439024 0.00788955
6 0.77195122 0.41124260 0.01707317 0.01972387
1 0.36341463 0.17850099 0.01951220 0.01972387
2 0.32682927 0.96844181 0.02439024 0.00788955
6 0.80975610 0.41222880 0.01707317 0.01972387
2 0.53048780 0.18934911 0.00975610 0.01972387
2 0.07073171 0.64694280 0.02439024 0.00788955
1 0.09756098 0.56213018 0.01951220 0.01972387
0 0.72439024 0.99408284 0.02439024 0.01183432
0 0.07317073 0.77761341 0.02439024 0.01873767
2 0.31707317 0.18639053 0.00975610 0.01972387
2 0.54634146 0.88560158 0.00975610 0.01972387
0 0.36097561 0.21745562 0.02439024 0.01873767
2 0.29512195 0.91518738 0.00975610 0.01972387
1 0.09512195 0.61143984 0.01951220 0.01972387
2 0.18048780 0.19921105 0.00975610 0.01972387
20 0.01768293 0.61489152 0.01829268 0.00098619
2 0.41951220 0.19033531 0.00975610 0.01972387
2 0.31219512 0.02662722 0.02439024 0.00788955
2 0.35609756 0.91518738 0.00975610 0.01972387
1 0.10365854 0.63510848 0.01951220 0.01972387
0 0.52317073 0.95216963 0.02439024 0.01873767
6 0.85000000 0.41222880 0.01707317 0.01972387
1 0.69146341 0.11439842 0.01951220 0.01972387
2 0.73170732 0.36094675 0.02439024 0.00788955
2 0.50000000 0.88560158 0.00975610 0.01972387
1 0.10731707 0.58777120 0.01951220 0.01972387
2 0.27926829 0.13214990 0.00975610 0.01972387
2 0.45365854 0.88560158 0.00975610 0.01972387
2 0.59146341 0.88560158 0.00975610 0.01972387
1 0.08780488 0.35897436 0.01951220 0.01972387
2 0.23536585 0.16568047 0.02439024 0.00788955
0 0.12439024 0.25394477 0.02439024 0.01873767
0 0.01951220 0.99309665 0.02439024 0.01380671
2 0.93292683 0.36094675 0.02439024 0.00788955
1 0.19756098 0.19921105 0.01951220 0.01972387
2 0.44634146 0.05719921 0.02439024 0.00788955
4 0.87987805 0.63806706 0.07926829 0.03353057
20 0.01768293 0.58925049 0.01829268 0.00098619
2 0.93414634 0.33530572 0.02439024 0.00788955
2 0.93170732 0.30966469 0.02439024 0.00788955
6 0.72317073 0.66666667 0.01707317 0.01972387
7 0.80000000 0.66666667 0.01707317 0.01972387
20 0.01768293 0.56360947 0.01829268 0.00098619
7 0.76097561 0.66765286 0.01707317 0.01972387
11 0.14146341 0.09960552 0.04146341 0.00591716
1 0.01707317 0.63510848 0.01951220 0.01972387
