4 0.37075758 0.27215686 0.09363636 0.09882353
0 0.24666667 0.21901961 0.00606061 0.00745098
5 0.74515152 0.27725490 0.00909091 0.00392157
5 0.74515152 0.48745098 0.00909091 0.00392157
5 0.74545455 0.72000000 0.00909091 0.00392157
0 0.24666667 0.42921569 0.00606061 0.00745098
27 0.61409091 0.27705882 0.03969697 0.04666667
5 0.08636364 0.68705882 0.00909091 0.00392157
1 0.82000000 0.29411765 0.00484848 0.00784314
4 0.37075758 0.48254902 0.09363636 0.09921569
0 0.24666667 0.66176471 0.00606061 0.00745098
27 0.61378788 0.71960784 0.03909091 0.04627451
27 0.87075758 0.47705882 0.03909091 0.04666667
0 0.82000000 0.76137255 0.00606061 0.00745098
0 0.70848485 0.35196078 0.00606061 0.00745098
0 0.23818182 0.54019608 0.00606061 0.00745098
0 0.82000000 0.33000000 0.00606061 0.00745098
0 0.70848485 0.79431373 0.00606061 0.00745098
5 0.08636364 0.45450980 0.00909091 0.00392157
5 0.08636364 0.24431373 0.00909091 0.00392157
4 0.87984848 0.70921569 0.05060606 0.04352941
0 0.76848485 0.56215686 0.00606061 0.00745098
4 0.37075758 0.71490196 0.09363636 0.09882353
0 0.93939394 0.52921569 0.00606061 0.00745098
0 0.70848485 0.56215686 0.00606061 0.00745098
27 0.61393939 0.48725490 0.04000000 0.04666667
1 0.46909091 0.42666667 0.00484848 0.00784314
0 0.23818182 0.32960784 0.00606061 0.00745098
1 0.22121212 0.18352941 0.00484848 0.00784314
0 0.23818182 0.77235294 0.00606061 0.00745098
1 0.22121212 0.62588235 0.00484848 0.00784314
1 0.82000000 0.72549020 0.00484848 0.00784314
1 0.22121212 0.39372549 0.00484848 0.00784314
0 0.93090909 0.75039216 0.00606061 0.00745098
1 0.93939394 0.49333333 0.00484848 0.00784314
4 0.87984848 0.27784314 0.05060606 0.04352941
1 0.24666667 0.62588235 0.00484848 0.00784314
1 0.24666667 0.39372549 0.00484848 0.00784314
1 0.46909091 0.65921569 0.00484848 0.00784314
1 0.57575758 0.34392157 0.00606061 0.00627451
1 0.24666667 0.18352941 0.00484848 0.00784314
1 0.46909091 0.21647059 0.00484848 0.00784314
0 0.51181818 0.21901961 0.00606061 0.00745098
1 0.44333333 0.65921569 0.00484848 0.00784314
0 0.93090909 0.31901961 0.00606061 0.00745098
0 0.44333333 0.55117647 0.00606061 0.00745098
1 0.70848485 0.75843137 0.00484848 0.00784314
1 0.44303030 0.42666667 0.00484848 0.00784314
0 0.44333333 0.78333333 0.00606061 0.00745098
0 0.51181818 0.42921569 0.00606061 0.00745098
1 0.44303030 0.21647059 0.00484848 0.00784314
0 0.51212121 0.66137255 0.00606061 0.00745098
2 0.56303030 0.31058824 0.00242424 0.00784314
1 0.57606061 0.55450980 0.00606061 0.00627451
0 0.60439394 0.34509804 0.00575758 0.00784314
1 0.57606061 0.78666667 0.00606061 0.00627451
2 0.76848485 0.45411765 0.00242424 0.00784314
1 0.70848485 0.52627451 0.00484848 0.00784314
1 0.70848485 0.31607843 0.00484848 0.00784314
0 0.44333333 0.34058824 0.00606061 0.00745098
2 0.23818182 0.26666667 0.00242424 0.00784314
2 0.27212121 0.49882353 0.00606061 0.00313725
2 0.23818182 0.47686275 0.00242424 0.00784314
2 0.52060606 0.26627451 0.00606061 0.00313725
2 0.21272727 0.45450980 0.00606061 0.00313725
0 0.60409091 0.78666667 0.00575758 0.00784314
2 0.23818182 0.70901961 0.00242424 0.00784314
2 0.56303030 0.75294118 0.00242424 0.00784314
2 0.17818182 0.45450980 0.00606061 0.00313725
2 0.21242424 0.68705882 0.00606061 0.00313725
2 0.52060606 0.70901961 0.00606061 0.00313725
2 0.92242424 0.47686275 0.00606061 0.00313725
0 0.60409091 0.55490196 0.00575758 0.00784314
2 0.17818182 0.24431373 0.00606061 0.00313725
2 0.21242424 0.24431373 0.00606061 0.00313725
2 0.52060606 0.73098039 0.00606061 0.00313725
1 0.80242424 0.51529412 0.00484848 0.00784314
2 0.56303030 0.52078431 0.00242424 0.00784314
2 0.27212121 0.73137255 0.00606061 0.00313725
2 0.17818182 0.68705882 0.00606061 0.00313725
1 0.61878788 0.21137255 0.00606061 0.00627451
2 0.52060606 0.47647059 0.00606061 0.00313725
8 0.67242424 0.67607843 0.00606061 0.00784314
8 0.67242424 0.23294118 0.00606061 0.00784314
1 0.61878788 0.42117647 0.00606061 0.00627451
2 0.14424242 0.45450980 0.00606061 0.00313725
1 0.61878788 0.65333333 0.00606061 0.00627451
2 0.52060606 0.49882353 0.00606061 0.00313725
2 0.14424242 0.24431373 0.00606061 0.00313725
2 0.68303030 0.72039216 0.00606061 0.00313725
2 0.14424242 0.68705882 0.00606061 0.00313725
2 0.52060606 0.28862745 0.00606061 0.00313725
2 0.62303030 0.67607843 0.00606061 0.00313725
3 0.22121212 0.59725490 0.00303030 0.00392157
2 0.68303030 0.48784314 0.00606061 0.00313725
8 0.67272727 0.44352941 0.00606061 0.00784314
3 0.22121212 0.36470588 0.00303030 0.00392157
5 0.10818182 0.75294118 0.00909091 0.00392157
3 0.48515152 0.24470588 0.00303030 0.00392157
2 0.76848485 0.52078431 0.00242424 0.00784314
3 0.48515152 0.45490196 0.00303030 0.00392157
3 0.22121212 0.15450980 0.00303030 0.00392157
2 0.87090909 0.42156863 0.00606061 0.00313725
2 0.68303030 0.27764706 0.00606061 0.00313725
3 0.55303030 0.34431373 0.00303030 0.00392157
3 0.55363636 0.78705882 0.00303030 0.00392157
3 0.55333333 0.55450980 0.00303030 0.00392157
3 0.93969697 0.46470588 0.00303030 0.00392157
2 0.26393939 0.28862745 0.00606061 0.00313725
3 0.82000000 0.68745098 0.00303030 0.00392157
3 0.82000000 0.25607843 0.00303030 0.00392157
3 0.48515152 0.68705882 0.00303030 0.00392157
3 0.76848485 0.42235294 0.00303030 0.00392157
5 0.10727273 0.16705882 0.00909091 0.00392157
2 0.62363636 0.23372549 0.00606061 0.00313725
2 0.62363636 0.44392157 0.00606061 0.00313725
