31 0.27148194 0.66090298 0.01743462 0.01729107
4 0.80635118 0.67050913 0.10585305 0.13448607
4 0.56039851 0.69404419 0.14445828 0.18155620
4 0.19427148 0.68251681 0.10709838 0.15850144
2 0.45330012 0.76849183 0.00996264 0.01921230
2 0.38231631 0.66186359 0.00996264 0.01921230
2 0.41843088 0.66186359 0.00996264 0.01921230
2 0.41843088 0.76753122 0.00996264 0.01921230
2 0.70112080 0.69164265 0.00996264 0.01921230
2 0.38356164 0.76753122 0.00996264 0.01921230
2 0.31382316 0.66186359 0.00996264 0.01921230
0 0.27148194 0.76801153 0.02490660 0.01825168
0 0.41843088 0.80355427 0.02490660 0.01825168
1 0.34744707 0.62728146 0.01992528 0.01921230
0 0.34620174 0.65081652 0.02490660 0.01825168
0 0.38356164 0.80355427 0.02490660 0.01825168
0 0.45330012 0.80355427 0.02490660 0.01825168
0 0.55915318 0.80931796 0.02490660 0.01825168
1 0.70112080 0.62728146 0.01992528 0.01921230
0 0.69987547 0.64985591 0.02490660 0.01825168
8 0.70112080 0.65802113 0.02490660 0.01921230
