4 0.39852941 0.51724138 0.24411765 0.79310345
0 0.16470588 0.85883621 0.02941176 0.04094828
0 0.62647059 0.58943966 0.02941176 0.04094828
1 0.19705882 0.90732759 0.02352941 0.04310345
0 0.17941176 0.30495690 0.02941176 0.04094828
0 0.12058824 0.69719828 0.02941176 0.04094828
2 0.16470588 0.77155172 0.01176471 0.04310345
0 0.39705882 0.98491379 0.02941176 0.03017241
2 0.62794118 0.50000000 0.01176471 0.04310345
0 0.03235294 0.68211207 0.02941176 0.04094828
1 0.03235294 0.60775862 0.02352941 0.04310345
1 0.96911765 0.31896552 0.02352941 0.04310345
0 0.68529412 0.39547414 0.02941176 0.04094828
0 0.97058824 0.39547414 0.02941176 0.04094828
1 0.68382353 0.31896552 0.02352941 0.04310345
2 0.62794118 0.35344828 0.01176471 0.04310345
1 0.17941176 0.23060345 0.02352941 0.04310345
34 0.96911765 0.14116379 0.04117647 0.05387931
0 0.19705882 0.98060345 0.02941176 0.03879310
2 0.12058824 0.60991379 0.01176471 0.04310345
11 0.90441176 0.25862069 0.05000000 0.01293103
11 0.76470588 0.25862069 0.05000000 0.01293103
