4 0.13454545 0.68254902 0.04606061 0.09686275
4 0.82893939 0.22980392 0.06939394 0.10431373
4 0.59757576 0.25960784 0.05757576 0.05960784
5 0.14424242 0.24470588 0.00909091 0.00392157
4 0.34893939 0.32960784 0.08151515 0.35568627
4 0.53378788 0.37196078 0.03484848 0.01529412
14 0.53909091 0.30411765 0.00606061 0.01686275
4 0.49363636 0.44725490 0.01212121 0.03098039
4 0.70742424 0.24470588 0.03484848 0.04470588
0 0.44121212 0.22882353 0.00606061 0.00745098
0 0.87484848 0.29588235 0.00606061 0.00745098
0 0.75939394 0.29549020 0.00606061 0.00745098
0 0.77696970 0.29588235 0.00606061 0.00745098
7 0.14848485 0.18509804 0.00424242 0.00784314
0 0.21515152 0.54254902 0.00606061 0.00745098
2 0.42363636 0.41686275 0.00606061 0.00313725
0 0.44121212 0.32607843 0.00606061 0.00745098
0 0.26196970 0.31921569 0.00575758 0.00784314
1 0.42090909 0.39411765 0.00606061 0.00627451
0 0.24424242 0.54333333 0.00606061 0.00745098
0 0.42363636 0.22882353 0.00606061 0.00745098
0 0.42363636 0.37117647 0.00606061 0.00745098
0 0.22969697 0.54333333 0.00606061 0.00745098
0 0.89242424 0.29588235 0.00606061 0.00745098
5 0.14393939 0.23607843 0.00909091 0.00392157
0 0.46424242 0.47549020 0.00606061 0.00745098
0 0.65515152 0.31078431 0.00606061 0.00745098
0 0.92727273 0.29549020 0.00606061 0.00745098
0 0.21575758 0.31039216 0.00606061 0.00745098
0 0.63787879 0.29588235 0.00606061 0.00745098
0 0.40636364 0.51313725 0.00606061 0.00745098
0 0.55696970 0.29588235 0.00606061 0.00745098
7 0.27939394 0.39137255 0.00606061 0.00549020
0 0.44121212 0.37117647 0.00606061 0.00745098
0 0.45848485 0.22882353 0.00606061 0.00745098
1 0.18060606 0.62980392 0.00484848 0.00784314
2 0.19818182 0.63294118 0.00242424 0.00784314
1 0.28787879 0.25960784 0.00606061 0.00627451
0 0.42363636 0.32607843 0.00606061 0.00745098
2 0.42303030 0.27411765 0.00606061 0.00313725
2 0.42363636 0.42392157 0.00606061 0.00313725
2 0.06484848 0.13215686 0.00606061 0.00313725
2 0.20090909 0.44627451 0.00606061 0.00313725
0 0.20090909 0.22098039 0.00606061 0.00745098
0 0.45848485 0.32607843 0.00606061 0.00745098
0 0.90969697 0.29588235 0.00606061 0.00745098
2 0.42363636 0.40941176 0.00606061 0.00313725
1 0.42363636 0.35294118 0.00484848 0.00784314
2 0.42363636 0.24431373 0.00606061 0.00313725
0 0.18060606 0.65549020 0.00606061 0.00745098
2 0.21545455 0.63372549 0.00242424 0.00784314
0 0.18060606 0.73745098 0.00606061 0.00745098
2 0.29060606 0.51372549 0.00242424 0.00784314
11 0.24242424 0.31921569 0.00181818 0.01333333
2 0.63787879 0.21333333 0.00242424 0.00784314
1 0.44121212 0.35294118 0.00484848 0.00784314
2 0.21545455 0.51294118 0.00242424 0.00784314
2 0.40636364 0.44627451 0.00242424 0.00784314
0 0.47575758 0.22882353 0.00606061 0.00745098
0 0.47575758 0.32607843 0.00606061 0.00745098
1 0.70727273 0.29333333 0.00484848 0.00784314
2 0.88727273 0.22196078 0.00606061 0.00313725
2 0.24424242 0.51372549 0.00242424 0.00784314
0 0.50484848 0.41549020 0.00606061 0.00745098
2 0.26727273 0.51372549 0.00242424 0.00784314
2 0.27909091 0.51372549 0.00242424 0.00784314
0 0.44924242 0.39450980 0.00575758 0.00784314
1 0.42363636 0.30039216 0.00484848 0.00784314
0 0.70727273 0.31823529 0.00606061 0.00745098
2 0.22969697 0.51372549 0.00242424 0.00784314
1 0.42363636 0.20313725 0.00484848 0.00784314
2 0.08242424 0.60313725 0.00242424 0.00784314
1 0.50484848 0.39019608 0.00484848 0.00784314
0 0.53939394 0.34098039 0.00606061 0.00745098
2 0.05333333 0.60352941 0.00242424 0.00784314
2 0.71878788 0.28156863 0.00606061 0.00313725
2 0.25575758 0.51372549 0.00242424 0.00784314
2 0.42090909 0.25921569 0.00606061 0.00313725
1 0.28484848 0.31921569 0.00606061 0.00627451
0 0.49030303 0.32607843 0.00606061 0.00745098
1 0.45848485 0.20313725 0.00484848 0.00784314
2 0.65484848 0.21411765 0.00242424 0.00784314
2 0.13454545 0.61098039 0.00606061 0.00313725
2 0.14606061 0.14666667 0.00242424 0.00784314
0 0.44590909 0.24470588 0.00575758 0.00784314
0 0.19818182 0.31078431 0.00606061 0.00745098
2 0.88636364 0.20705882 0.00606061 0.00313725
1 0.89272727 0.27058824 0.00484848 0.00784314
2 0.20060606 0.43921569 0.00606061 0.00313725
0 0.52181818 0.34058824 0.00606061 0.00745098
1 0.47575758 0.30039216 0.00484848 0.00784314
2 0.90969697 0.26235294 0.00242424 0.00784314
1 0.47575758 0.20313725 0.00484848 0.00784314
2 0.75939394 0.20705882 0.00242424 0.00784314
1 0.92727273 0.24078431 0.00484848 0.00784314
0 0.94424242 0.29549020 0.00606061 0.00745098
0 0.44621212 0.27450980 0.00575758 0.00784314
0 0.14606061 0.22098039 0.00606061 0.00745098
1 0.96181818 0.24078431 0.00484848 0.00784314
1 0.44121212 0.20313725 0.00484848 0.00784314
1 0.77696970 0.27058824 0.00484848 0.00784314
1 0.44121212 0.30039216 0.00484848 0.00784314
0 0.56242424 0.41156863 0.00606061 0.00745098
1 0.45848485 0.30039216 0.00484848 0.00784314
2 0.65515152 0.28156863 0.00242424 0.00784314
0 0.17484848 0.22098039 0.00606061 0.00745098
0 0.27651515 0.18470588 0.00575758 0.00784314
1 0.49030303 0.30039216 0.00484848 0.00784314
1 0.06787879 0.66352941 0.00606061 0.00627451
1 0.94454545 0.24078431 0.00484848 0.00784314
1 0.52242424 0.27058824 0.00484848 0.00784314
0 0.96181818 0.29549020 0.00606061 0.00745098
2 0.75939394 0.26588235 0.00242424 0.00784314
1 0.20121212 0.17333333 0.00484848 0.00784314
5 0.26696970 0.67137255 0.00909091 0.00392157
1 0.28757576 0.37921569 0.00606061 0.00627451
6 0.19818182 0.27372549 0.00424242 0.00784314
3 0.27939394 0.54549020 0.00303030 0.00392157
5 0.26636364 0.66352941 0.00909091 0.00392157
2 0.23818182 0.39411765 0.00606061 0.00313725
6 0.21575758 0.27450980 0.00424242 0.00784314
3 0.21545455 0.61058824 0.00303030 0.00392157
1 0.17484848 0.16941176 0.00484848 0.00784314
3 0.21818182 0.39450980 0.00303030 0.00392157
3 0.29333333 0.31098039 0.00303030 0.00392157
3 0.44212121 0.25960784 0.00303030 0.00392157
3 0.05333333 0.12039216 0.00303030 0.00392157
3 0.96181818 0.17764706 0.00303030 0.00392157
