16 0.27251185 0.43942505 0.04581359 0.04106776
4 0.49684044 0.72279261 0.15323855 0.33675565
6 0.23380727 0.65503080 0.02211690 0.04106776
4 0.35781991 0.26078029 0.13112164 0.09445585
6 0.23380727 0.32238193 0.02211690 0.04106776
2 0.23222749 0.17864476 0.01263823 0.04106776
2 0.70300158 0.42915811 0.01263823 0.04106776
6 0.11532385 0.40451745 0.02211690 0.04106776
2 0.66034755 0.80698152 0.01263823 0.04106776
27 0.84202212 0.71971253 0.20221169 0.28131417
2 0.35071090 0.51950719 0.01263823 0.04106776
8 0.05371248 0.72279261 0.03159558 0.04106776
8 0.05371248 0.09650924 0.03159558 0.04106776
0 0.65718799 0.98357290 0.03159558 0.03285421
