4 0.39747899 0.19171598 0.60504202 0.29585799
4 0.53865546 0.55266272 0.05210084 0.06153846
2 0.09243697 0.72662722 0.00672269 0.02366864
2 0.63193277 0.51242604 0.00672269 0.02366864
4 0.11764706 0.49467456 0.07563025 0.15384615
2 0.60672269 0.51242604 0.00672269 0.02366864
4 0.30672269 0.51834320 0.05042017 0.05917160
4 0.83949580 0.21301775 0.02016807 0.25798817
0 0.03403361 0.28520710 0.01596639 0.02366864
2 0.25714286 0.75384615 0.01680672 0.00946746
0 0.49747899 0.59822485 0.01680672 0.02248521
2 0.25882353 0.80591716 0.01680672 0.00946746
0 0.04369748 0.12248521 0.01680672 0.02248521
4 0.90588235 0.21538462 0.02016807 0.25562130
3 0.09327731 0.68639053 0.00840336 0.01183432
0 0.24747899 0.52662722 0.01596639 0.02366864
0 0.05336134 0.54792899 0.01596639 0.02366864
1 0.11932773 0.79644970 0.01344538 0.02366864
0 0.34285714 0.43017751 0.01680672 0.02248521
0 0.34453782 0.60650888 0.01680672 0.02248521
1 0.34705882 0.56213018 0.01344538 0.02366864
4 0.08907563 0.80000000 0.02521008 0.04733728
1 0.34621849 0.47455621 0.01344538 0.02366864
0 0.11764706 0.60887574 0.01680672 0.02248521
0 0.09327731 0.87396450 0.01680672 0.02248521
0 0.05420168 0.44142012 0.01596639 0.02366864
0 0.89201681 0.56923077 0.01596639 0.02366864
1 0.04369748 0.16923077 0.01344538 0.02366864
0 0.18109244 0.54792899 0.01596639 0.02366864
1 0.04285714 0.24970414 0.01680672 0.01893491
3 0.22941176 0.75502959 0.00840336 0.01183432
3 0.61848739 0.46627219 0.00840336 0.01183432
0 0.32731092 0.75384615 0.01596639 0.02366864
0 0.32899160 0.80591716 0.01596639 0.02366864
0 0.18109244 0.44142012 0.01596639 0.02366864
7 0.29747899 0.79881657 0.01680672 0.01656805
6 0.36974790 0.52426036 0.01680672 0.01656805
7 0.29663866 0.74674556 0.01680672 0.01656805
3 0.57310924 0.51952663 0.00840336 0.01183432
3 0.06470588 0.51834320 0.00840336 0.01183432
3 0.06470588 0.45917160 0.00840336 0.01183432
3 0.17142857 0.51715976 0.00840336 0.01183432
10 0.85714286 0.56863905 0.02352941 0.01301775
3 0.36218487 0.54082840 0.00840336 0.01183432
10 0.85672269 0.43668639 0.03949580 0.02603550
3 0.17142857 0.45917160 0.00840336 0.01183432
