1 0.04632153 0.17254174 0.02179837 0.03710575
1 0.87465940 0.17254174 0.02179837 0.03710575
4 0.47752044 0.53617811 0.28746594 0.78293135
2 0.27111717 0.19294991 0.01089918 0.03710575
2 0.18528610 0.68831169 0.01089918 0.03710575
2 0.76430518 0.19294991 0.01089918 0.03710575
2 0.68256131 0.65862709 0.01089918 0.03710575
2 0.19346049 0.19294991 0.01089918 0.03710575
2 0.76566757 0.65862709 0.01089918 0.03710575
2 0.68119891 0.19480519 0.01089918 0.03710575
0 0.47411444 0.97309833 0.02724796 0.03525046
0 0.04632153 0.25695733 0.02724796 0.03525046
0 0.87465940 0.25695733 0.02724796 0.03525046
8 0.12534060 0.85157699 0.02724796 0.03710575
