4 0.41743444 0.56920415 0.19277108 0.62629758
4 0.17080085 0.28633218 0.13040397 0.47923875
4 0.71119773 0.57006920 0.16938342 0.59342561
2 0.89298370 0.43944637 0.00566974 0.03460208
1 0.02976612 0.34429066 0.01133948 0.03460208
2 0.89298370 0.67820069 0.00566974 0.03460208
6 0.03047484 0.13321799 0.00992204 0.03460208
0 0.02551382 0.53719723 0.01417434 0.03287197
1 0.95251595 0.62802768 0.01133948 0.03460208
0 0.94755493 0.74307958 0.01417434 0.03287197
0 0.41247342 0.98615917 0.01417434 0.02768166
0 0.70588235 0.96799308 0.01417434 0.03287197
1 0.26222537 0.25086505 0.01133948 0.03460208
0 0.26151665 0.44723183 0.01417434 0.03287197
0 0.16583983 0.63235294 0.01417434 0.03287197
