4 0.71187500 0.66282421 0.11125000 0.20557157
4 0.73062500 0.33189241 0.11125000 0.20653218
4 0.46937500 0.66282421 0.12375000 0.20557157
4 0.48750000 0.33189241 0.12500000 0.20461095
4 0.28562500 0.68347743 0.06875000 0.16618636
2 0.58500000 0.30835735 0.01000000 0.01921230
0 0.47000000 0.79106628 0.02500000 0.01825168
0 0.28500000 0.79202690 0.02500000 0.01825168
4 0.29062500 0.35206532 0.06875000 0.16618636
2 0.62125000 0.33621518 0.02500000 0.00768492
0 0.58500000 0.46157541 0.02500000 0.01825168
2 0.60250000 0.65417867 0.02500000 0.00768492
2 0.60250000 0.68203650 0.02500000 0.00768492
0 0.60000000 0.58261287 0.02500000 0.01825168
0 0.29000000 0.45965418 0.02500000 0.01825168
0 0.48750000 0.45965418 0.02500000 0.01825168
2 0.62125000 0.36407301 0.02500000 0.00768492
0 0.56375000 0.77857829 0.02500000 0.01825168
0 0.61250000 0.25216138 0.02500000 0.01825168
0 0.37250000 0.62680115 0.02500000 0.01825168
0 0.37250000 0.29827089 0.02500000 0.01825168
0 0.58375000 0.41546590 0.02500000 0.01825168
0 0.56500000 0.73439001 0.02500000 0.01825168
1 0.56500000 0.75024015 0.02000000 0.01921230
1 0.61000000 0.22382325 0.02000000 0.01921230
1 0.58375000 0.43323727 0.02000000 0.01921230
1 0.37250000 0.60038425 0.02000000 0.01921230
1 0.60000000 0.55331412 0.02000000 0.01921230
1 0.37250000 0.26993276 0.02000000 0.01921230
3 0.29000000 0.23823247 0.01250000 0.00960615
3 0.28500000 0.56868396 0.01250000 0.00960615
