19 0.98694425 0.47478475 0.01764291 0.05166052
4 0.04869442 0.49015990 0.08327452 0.39483395
4 0.36414961 0.47601476 0.13549753 0.57810578
1 0.83133380 0.14637146 0.01129146 0.02460025
1 0.83133380 0.85977860 0.01129146 0.02460025
1 0.86803105 0.40959410 0.01129146 0.02460025
1 0.19477770 0.49077491 0.01411433 0.01968020
11 0.64361327 0.72201722 0.02399435 0.00738007
0 0.48412138 0.58241082 0.01411433 0.02337023
1 0.25052929 0.85485855 0.01129146 0.02460025
2 0.19689485 0.43665437 0.01411433 0.00984010
4 0.04869442 0.20664207 0.08327452 0.06642066
0 0.79393084 0.91451415 0.01411433 0.02337023
0 0.47706422 0.17527675 0.01411433 0.02337023
1 0.47706422 0.86346863 0.01129146 0.02460025
1 0.47212421 0.72693727 0.01411433 0.01968020
1 0.72477064 0.47724477 0.01129146 0.02460025
1 0.91319689 0.43788438 0.01129146 0.02460025
4 0.27664079 0.59532595 0.01693719 0.01968020
5 0.88849682 0.01599016 0.02117149 0.01230012
1 0.86803105 0.53751538 0.01129146 0.02460025
2 0.19760056 0.72693727 0.01411433 0.00984010
0 0.79251941 0.50492005 0.01411433 0.02337023
1 0.48129852 0.46248462 0.01411433 0.01968020
1 0.91319689 0.51660517 0.01129146 0.02460025
1 0.76993649 0.43911439 0.01129146 0.02460025
0 0.47706422 0.91082411 0.01411433 0.02337023
1 0.47918137 0.22755228 0.01411433 0.01968020
1 0.47706422 0.13653137 0.01411433 0.01968020
5 0.08186309 0.93603936 0.02117149 0.01230012
5 0.88849682 0.05535055 0.02117149 0.01230012
2 0.19760056 0.40959410 0.01411433 0.00984010
1 0.55187015 0.31980320 0.01129146 0.02460025
11 0.64361327 0.22386224 0.02399435 0.00738007
0 0.25052929 0.89852399 0.01411433 0.02337023
1 0.79393084 0.12054121 0.01129146 0.02460025
0 0.22018349 0.79766298 0.01411433 0.02337023
0 0.25123500 0.16666667 0.01411433 0.02337023
2 0.83203952 0.80442804 0.00564573 0.02460025
1 0.47141849 0.48954490 0.01411433 0.01968020
0 0.25052929 0.69926199 0.01411433 0.02337023
1 0.55187015 0.55596556 0.01129146 0.02460025
1 0.79393084 0.83025830 0.01129146 0.02460025
0 0.79322512 0.20479705 0.01411433 0.02337023
1 0.25052929 0.12669127 0.01129146 0.02460025
0 0.48412138 0.71402214 0.01411433 0.02337023
0 0.24982357 0.27859779 0.01411433 0.02337023
1 0.77064220 0.51291513 0.01129146 0.02460025
1 0.55257586 0.63837638 0.01129146 0.02460025
11 0.64361327 0.48708487 0.02399435 0.00738007
1 0.22018349 0.75891759 0.01129146 0.02460025
0 0.89131969 0.51599016 0.01411433 0.02337023
1 0.55187015 0.39606396 0.01129146 0.02460025
2 0.45448130 0.06888069 0.00564573 0.02460025
0 0.24347212 0.46309963 0.01411433 0.02337023
0 0.47706422 0.38929889 0.01411433 0.02337023
2 0.83203952 0.09471095 0.00564573 0.02460025
11 0.64361327 0.46002460 0.02399435 0.00738007
2 0.27240649 0.06765068 0.00564573 0.02460025
0 0.47635850 0.27736777 0.01411433 0.02337023
2 0.91319689 0.38499385 0.00564573 0.02460025
2 0.91390261 0.56826568 0.00564573 0.02460025
2 0.27311221 0.88437884 0.00564573 0.02460025
5 0.88849682 0.76506765 0.02117149 0.01230012
2 0.45448130 0.88437884 0.00564573 0.02460025
5 0.88849682 0.93603936 0.02117149 0.01230012
