4 0.78597340 0.50854701 0.09673519 0.53846154
4 0.27206771 0.31623932 0.09068924 0.39316239
4 0.10580411 0.13247863 0.05441354 0.07692308
4 0.20556227 0.73076923 0.07859734 0.05982906
1 0.30834341 0.89230769 0.00967352 0.01709402
1 0.27448609 0.89230769 0.00967352 0.01709402
1 0.25392987 0.89230769 0.00967352 0.01709402
1 0.21160822 0.89230769 0.00967352 0.01709402
1 0.18742443 0.89230769 0.00967352 0.01709402
1 0.23216445 0.89230769 0.00967352 0.01709402
1 0.35066505 0.89230769 0.00967352 0.01709402
1 0.32889964 0.89230769 0.00967352 0.01709402
1 0.37122128 0.89230769 0.00967352 0.01709402
1 0.16565901 0.89230769 0.00967352 0.01709402
4 0.56529625 0.74358974 0.04232164 0.12820513
4 0.18137848 0.07521368 0.03506651 0.04444444
4 0.21432890 0.07307692 0.02478839 0.04017094
8 0.67230955 0.45213675 0.01209190 0.01709402
8 0.66565901 0.69914530 0.01209190 0.01709402
8 0.65659008 0.66495726 0.01209190 0.01709402
1 0.49576784 0.49572650 0.00967352 0.01709402
8 0.67170496 0.44273504 0.01209190 0.01709402
8 0.37122128 0.35042735 0.01209190 0.01709402
8 0.66082225 0.59743590 0.01209190 0.01709402
8 0.36638452 0.31623932 0.01209190 0.01709402
8 0.67170496 0.46923077 0.01209190 0.01709402
8 0.65900846 0.63076923 0.01209190 0.01709402
1 0.44740024 0.49572650 0.00967352 0.01709402
8 0.66444982 0.29059829 0.01209190 0.01709402
8 0.65538089 0.42649573 0.01209190 0.01709402
18 0.47097944 0.45085470 0.00604595 0.01282051
8 0.66505441 0.70769231 0.01209190 0.01709402
8 0.37968561 0.13675214 0.01209190 0.01709402
8 0.66505441 0.30683761 0.01209190 0.01709402
8 0.66505441 0.74188034 0.01209190 0.01709402
8 0.67351874 0.46068376 0.01209190 0.01709402
8 0.66142684 0.34102564 0.01209190 0.01709402
8 0.66626360 0.31623932 0.01209190 0.01709402
8 0.66505441 0.68205128 0.01209190 0.01709402
8 0.19951632 0.50427350 0.01209190 0.01709402
2 0.23518742 0.08461538 0.00483676 0.01709402
8 0.90931076 0.72649573 0.01209190 0.01709402
8 0.66505441 0.69145299 0.01209190 0.01709402
8 0.15719468 0.38461538 0.01209190 0.01709402
8 0.65900846 0.58974359 0.01209190 0.01709402
8 0.36638452 0.35897436 0.01209190 0.01709402
8 0.66505441 0.72478632 0.01209190 0.01709402
8 0.18258767 0.48717949 0.01209190 0.01709402
8 0.66565901 0.67350427 0.01209190 0.01709402
8 0.36577993 0.33333333 0.01209190 0.01709402
1 0.18137848 0.64957265 0.00967352 0.01709402
8 0.66505441 0.73333333 0.01209190 0.01709402
8 0.66505441 0.71623932 0.01209190 0.01709402
8 0.17533253 0.29829060 0.01209190 0.01709402
8 0.18258767 0.40170940 0.01209190 0.01709402
8 0.65961306 0.65641026 0.01209190 0.01709402
8 0.90810157 0.74273504 0.01209190 0.01709402
8 0.37001209 0.34102564 0.01209190 0.01709402
8 0.36638452 0.32393162 0.01209190 0.01709402
8 0.90931076 0.73418803 0.01209190 0.01709402
8 0.16807739 0.30683761 0.01209190 0.01709402
8 0.15356711 0.32478632 0.01209190 0.01709402
8 0.66263603 0.28119658 0.01209190 0.01709402
8 0.67593712 0.41025641 0.01209190 0.01709402
8 0.66565901 0.75897436 0.01209190 0.01709402
8 0.66505441 0.75213675 0.01209190 0.01709402
8 0.90447400 0.76068376 0.01209190 0.01709402
8 0.66082225 0.64017094 0.01209190 0.01709402
8 0.66021765 0.64786325 0.01209190 0.01709402
8 0.90266022 0.30769231 0.01209190 0.01709402
2 0.48367594 0.21367521 0.00483676 0.01709402
8 0.17170496 0.37521368 0.01209190 0.01709402
8 0.90689238 0.40940171 0.01209190 0.01709402
8 0.90568319 0.75128205 0.01209190 0.01709402
8 0.17049577 0.31538462 0.01209190 0.01709402
18 0.07345828 0.89230769 0.00906892 0.00854701
8 0.89238210 0.41880342 0.01209190 0.01709402
8 0.19951632 0.49658120 0.01209190 0.01709402
2 0.46856106 0.42222222 0.01209190 0.00683761
8 0.19467956 0.41025641 0.01209190 0.01709402
8 0.89359129 0.42649573 0.01209190 0.01709402
2 0.41958888 0.45213675 0.01209190 0.00683761
18 0.12182588 0.89230769 0.00906892 0.00854701
0 0.22007255 0.09615385 0.01209190 0.01623932
0 0.16807739 0.11581197 0.01209190 0.01623932
2 0.13905683 0.62222222 0.01209190 0.00683761
8 0.38935913 0.28974359 0.01209190 0.01709402
0 0.29262394 0.09358974 0.01209190 0.01623932
8 0.35671100 0.47008547 0.01209190 0.01709402
8 0.38996372 0.23931624 0.01209190 0.01709402
7 0.46553809 0.24273504 0.01209190 0.01196581
8 0.29262394 0.06153846 0.01209190 0.01709402
0 0.73700121 0.80982906 0.01209190 0.01623932
0 0.10519952 0.20128205 0.01209190 0.01623932
18 0.16051995 0.64786325 0.00906892 0.00854701
0 0.16324063 0.67649573 0.01209190 0.01623932
0 0.49576784 0.52606838 0.01209190 0.01623932
8 0.23518742 0.04957265 0.01209190 0.01709402
0 0.44679565 0.52606838 0.01209190 0.01623932
0 0.18137848 0.67649573 0.01209190 0.01623932
0 0.20193470 0.79102564 0.01209190 0.01623932
0 0.16565901 0.92777778 0.01209190 0.01623932
8 0.12394196 0.85470085 0.01209190 0.01709402
8 0.24788392 0.09572650 0.01209190 0.01709402
0 0.12333736 0.92350427 0.01209190 0.01623932
0 0.24727932 0.54487179 0.01209190 0.01623932
8 0.16565901 0.85470085 0.01209190 0.01709402
8 0.07496977 0.85384615 0.01209190 0.01709402
8 0.76118501 0.19829060 0.01209190 0.01709402
0 0.07557437 0.92350427 0.01209190 0.01623932
8 0.71100363 0.22564103 0.01209190 0.01709402
8 0.11124547 0.06923077 0.01209190 0.01709402
