2 0.27146814 0.47197640 0.02770083 0.02359882
2 0.33518006 0.82890855 0.01108033 0.05899705
1 0.57063712 0.30088496 0.02770083 0.04719764
2 0.49861496 0.13569322 0.02770083 0.02359882
2 0.39889197 0.47197640 0.02770083 0.02359882
2 0.27146814 0.64601770 0.02770083 0.02359882
34 0.57825485 0.55457227 0.15096953 0.37168142
1 0.19113573 0.64601770 0.02216066 0.05899705
1 0.19113573 0.47492625 0.02216066 0.05899705
0 0.46537396 0.97640118 0.02770083 0.04719764
2 0.39889197 0.64601770 0.02770083 0.02359882
2 0.74099723 0.56047198 0.02770083 0.02359882
0 0.33518006 0.97787611 0.02770083 0.04424779
4 0.14542936 0.64749263 0.04155125 0.05604720
1 0.46537396 0.84070796 0.02216066 0.05899705
4 0.79778393 0.56047198 0.03601108 0.05309735
1 0.33518006 0.56637168 0.02216066 0.05899705
4 0.14542936 0.47197640 0.04155125 0.05309735
