19 0.88055556 0.17299578 0.03148148 0.09001406
5 0.16574074 0.84950774 0.02777778 0.01406470
5 0.16574074 0.74824191 0.02777778 0.01406470
4 0.50648148 0.51336146 0.22962963 0.92545710
19 0.88009259 0.31856540 0.03055556 0.08860759
5 0.16481481 0.56962025 0.02777778 0.01406470
5 0.16388889 0.10829817 0.02777778 0.01406470
5 0.16388889 0.16455696 0.02777778 0.01406470
11 0.73703704 0.31223629 0.03148148 0.00843882
1 0.26851852 0.16455696 0.01851852 0.02250352
1 0.32407407 0.10829817 0.01851852 0.02250352
1 0.66111111 0.38115331 0.01851852 0.02250352
1 0.83888889 0.32770745 0.01851852 0.02250352
11 0.73703704 0.14486639 0.00555556 0.04781997
1 0.66111111 0.11111111 0.01851852 0.02250352
0 0.82314815 0.29324895 0.01851852 0.02672293
0 0.71111111 0.74331927 0.01851852 0.02672293
1 0.83888889 0.16315049 0.01851852 0.02250352
1 0.33333333 0.33614627 0.01851852 0.02250352
1 0.78796296 0.28551336 0.01481481 0.02812940
1 0.67222222 0.71026723 0.01851852 0.02250352
1 0.78888889 0.19831224 0.01481481 0.02812940
5 0.77129630 0.54430380 0.02777778 0.01406470
5 0.76759259 0.86779184 0.02777778 0.01406470
5 0.76851852 0.92686357 0.02777778 0.01406470
0 0.26296296 0.44092827 0.01851852 0.02672293
