4 0.59128631 0.43377483 0.34854772 0.04370861
4 0.48858921 0.25364238 0.23029046 0.18410596
4 0.29149378 0.74900662 0.19709544 0.15496689
4 0.74273859 0.74900662 0.19502075 0.15496689
4 0.53630705 0.97152318 0.29253112 0.03841060
1 0.46058091 0.07947020 0.04149378 0.02119205
8 0.91908714 0.56158940 0.04149378 0.02649007
1 0.46058091 0.11125828 0.04149378 0.02119205
0 0.52282158 0.72913907 0.04149378 0.02516556
8 0.30290456 0.27152318 0.04149378 0.02649007
8 0.69709544 0.03576159 0.04149378 0.02649007
0 0.22821577 0.23245033 0.04149378 0.02516556
1 0.72199170 0.62649007 0.04149378 0.02119205
1 0.71784232 0.59867550 0.04149378 0.02119205
8 0.60165975 0.74966887 0.04149378 0.02649007
0 0.71161826 0.93973510 0.04149378 0.02516556
0 0.05809129 0.78211921 0.04149378 0.02516556
1 0.62655602 0.90463576 0.04149378 0.02119205
0 0.05601660 0.72781457 0.04149378 0.02516556
