5 0.33675214 0.87182588 0.02564103 0.01209190
5 0.48632479 0.77992745 0.02564103 0.01209190
5 0.33760684 0.89600967 0.02564103 0.01209190
5 0.48974359 0.80532044 0.02564103 0.01209190
5 0.48803419 0.75574365 0.02564103 0.01209190
5 0.48632479 0.90084643 0.02564103 0.01209190
5 0.34102564 0.79927449 0.02564103 0.01209190
5 0.33931624 0.77509069 0.02564103 0.01209190
5 0.48717949 0.82829504 0.02564103 0.01209190
5 0.48205128 0.87666264 0.02564103 0.01209190
5 0.33247863 0.82345828 0.02564103 0.01209190
5 0.33247863 0.84764208 0.02564103 0.01209190
5 0.48290598 0.85368803 0.02564103 0.01209190
2 0.27350427 0.77267231 0.01709402 0.00967352
2 0.42222222 0.90084643 0.01709402 0.00967352
4 0.71367521 0.39359129 0.02051282 0.19951632
2 0.42222222 0.75574365 0.01709402 0.00967352
2 0.42222222 0.85247884 0.01709402 0.00967352
4 0.27777778 0.39480048 0.02051282 0.19951632
2 0.42222222 0.80411125 0.01709402 0.00967352
2 0.42222222 0.77992745 0.01709402 0.00967352
2 0.27350427 0.79685611 0.01709402 0.00967352
2 0.42222222 0.82829504 0.01709402 0.00967352
2 0.42222222 0.87666264 0.01709402 0.00967352
2 0.27350427 0.82103990 0.01709402 0.00967352
2 0.27350427 0.89359129 0.01709402 0.00967352
2 0.27350427 0.84522370 0.01709402 0.00967352
3 0.43931624 0.25876663 0.00854701 0.01209190
2 0.27350427 0.86940750 0.01709402 0.00967352
3 0.41367521 0.25876663 0.00854701 0.01209190
0 0.29871795 0.51269649 0.01623932 0.02418380
0 0.73547009 0.51390568 0.01623932 0.02418380
