4 0.64689490 0.63235294 0.29060510 0.15508021
2 0.86305732 0.39839572 0.01592357 0.01069519
2 0.86385350 0.41978610 0.01592357 0.01069519
4 0.39689490 0.51069519 0.14570064 0.88770053
2 0.86385350 0.44385027 0.01592357 0.01069519
10 0.83200637 0.50802139 0.02388535 0.01069519
10 0.83160828 0.13034759 0.01831210 0.00935829
10 0.83200637 0.48596257 0.02388535 0.00935829
4 0.13296178 0.55481283 0.06528662 0.53208556
2 0.86385350 0.37700535 0.01592357 0.01069519
10 0.83121019 0.30748663 0.01910828 0.01069519
2 0.86385350 0.35427807 0.01592357 0.01069519
2 0.86385350 0.31016043 0.01592357 0.01069519
10 0.83280255 0.32954545 0.02070064 0.00935829
10 0.83200637 0.26336898 0.01751592 0.00802139
10 0.83121019 0.28542781 0.01910828 0.00935829
2 0.86385350 0.33155080 0.01592357 0.01069519
10 0.83240446 0.21925134 0.01831210 0.00802139
10 0.83200637 0.15307487 0.02388535 0.00935829
10 0.83160828 0.37366310 0.01831210 0.00935829
2 0.86385350 0.28743316 0.01592357 0.01069519
10 0.83280255 0.24131016 0.02229299 0.00935829
10 0.83240446 0.19719251 0.02308917 0.00935829
2 0.86385350 0.10962567 0.01592357 0.01069519
10 0.83280255 0.34893048 0.02070064 0.00534759
2 0.86305732 0.17647059 0.01592357 0.01069519
2 0.86464968 0.19919786 0.01592357 0.01069519
2 0.86305732 0.53208556 0.01592357 0.01069519
10 0.83280255 0.39639037 0.02070064 0.00935829
2 0.86464968 0.22192513 0.01592357 0.01069519
2 0.86385350 0.26604278 0.01592357 0.01069519
2 0.86464968 0.24331551 0.01592357 0.01069519
2 0.86385350 0.15508021 0.01592357 0.01069519
10 0.83081210 0.46323529 0.01990446 0.00935829
10 0.83160828 0.41911765 0.01831210 0.00935829
10 0.83200637 0.44117647 0.01751592 0.00802139
10 0.83240446 0.17446524 0.02308917 0.00935829
2 0.86464968 0.13235294 0.01592357 0.01069519
2 0.86385350 0.46524064 0.01592357 0.01069519
2 0.86305732 0.50935829 0.01592357 0.01069519
2 0.86464968 0.48796791 0.01592357 0.01069519
10 0.83160828 0.53008021 0.01831210 0.00935829
10 0.84036624 0.77339572 0.03105096 0.02005348
10 0.83320064 0.10762032 0.01990446 0.00935829
0 0.27070064 0.29879679 0.01592357 0.02540107
2 0.23089172 0.33155080 0.00636943 0.02673797
2 0.20461783 0.33155080 0.00636943 0.02673797
10 0.83996815 0.87098930 0.03025478 0.02807487
1 0.27070064 0.23395722 0.01273885 0.02673797
8 0.88694268 0.04812834 0.01592357 0.02673797
