4 0.50628931 0.67213115 0.20545073 0.48196721
4 0.74004193 0.14508197 0.26205451 0.17868852
4 0.71750524 0.55573770 0.03459119 0.17704918
1 0.61740042 0.30491803 0.02096436 0.02622951
1 0.86268344 0.30491803 0.02096436 0.02622951
1 0.19706499 0.81639344 0.01677149 0.03278689
0 0.64255765 0.34836066 0.02096436 0.03114754
1 0.09433962 0.81967213 0.02096436 0.02622951
3 0.65408805 0.41147541 0.01048218 0.01639344
0 0.84067086 0.37950820 0.02096436 0.03114754
0 0.90513627 0.39344262 0.01991614 0.03278689
8 0.11320755 0.79016393 0.02096436 0.03278689
