4 0.72937500 0.30785124 0.43375000 0.48760331
4 0.15312500 0.61466942 0.05125000 0.12603306
4 0.15312500 0.40392562 0.05125000 0.12603306
4 0.09000000 0.13946281 0.02500000 0.18801653
0 0.65125000 0.69731405 0.02500000 0.03925620
0 0.79250000 0.75929752 0.02500000 0.03925620
0 0.55000000 0.69731405 0.02500000 0.03925620
0 0.88125000 0.68078512 0.02500000 0.03925620
0 0.21750000 0.50723140 0.02500000 0.03925620
0 0.21750000 0.71797521 0.02500000 0.03925620
1 0.79250000 0.66735537 0.02000000 0.04132231
0 0.20500000 0.97004132 0.02500000 0.03925620
2 0.28750000 0.78099174 0.02500000 0.01652893
0 0.29375000 0.48657025 0.02500000 0.03925620
1 0.29375000 0.41322314 0.02000000 0.04132231
16 0.20312500 0.86776860 0.03625000 0.04132231
