4 0.08935185 0.72544643 0.05462963 0.07291667
4 0.37453704 0.82886905 0.07314815 0.19047619
4 0.82546296 0.73288690 0.05462963 0.11755952
4 0.41990741 0.40178571 0.09166667 0.30952381
4 0.58564815 0.63020833 0.05462963 0.11755952
18 0.28703704 0.56473214 0.00925926 0.02232143
4 0.58564815 0.83630952 0.05462963 0.11607143
4 0.58611111 0.31324405 0.01851852 0.16220238
0 0.77037037 0.83556548 0.01851852 0.02827381
0 0.03333333 0.80580357 0.01851852 0.02827381
4 0.20879630 0.06175595 0.05462963 0.04315476
0 0.02407407 0.57068452 0.01851852 0.02827381
0 0.30925926 0.99107143 0.01851852 0.01785714
0 0.53148148 0.73139881 0.01851852 0.02827381
1 0.31851852 0.60714286 0.01481481 0.02976190
1 0.21759259 0.30654762 0.01481481 0.02976190
0 0.53148148 0.93675595 0.01851852 0.02827381
0 0.21759259 0.68973214 0.01851852 0.02827381
1 0.23611111 0.60714286 0.01481481 0.02976190
26 0.07500000 0.93154762 0.02777778 0.04464286
2 0.21759259 0.43452381 0.00740741 0.02976190
3 0.64074074 0.75744048 0.00925926 0.01488095
3 0.88148148 0.65476190 0.00925926 0.01488095
3 0.43888889 0.71279762 0.00925926 0.01488095
3 0.64074074 0.54910714 0.00925926 0.01488095
3 0.50277778 0.18005952 0.00925926 0.01488095
3 0.14444444 0.67113095 0.00925926 0.01488095
14 0.15879630 0.29613095 0.01203704 0.04761905
10 0.05694444 0.50595238 0.03055556 0.01785714
0 0.20833333 0.18675595 0.01851852 0.02827381
4 0.03842593 0.06175595 0.02685185 0.04315476
10 0.05601852 0.38690476 0.03055556 0.01785714
10 0.05648148 0.44642857 0.02962963 0.01785714
1 0.27222222 0.08630952 0.01481481 0.02976190
10 0.05694444 0.32886905 0.03055556 0.01785714
1 0.14444444 0.09226190 0.01481481 0.02976190
1 0.09814815 0.08630952 0.01481481 0.02976190
1 0.31851852 0.09226190 0.01481481 0.02976190
