14 0.05035211 0.33506764 0.06830986 0.09781478
11 0.10985915 0.34027055 0.02394366 0.00624350
4 0.53345070 0.44276795 0.42042254 0.62122789
5 0.42816901 0.01300728 0.00704225 0.02601457
5 0.46760563 0.01300728 0.00704225 0.02601457
5 0.54788732 0.01300728 0.00704225 0.02601457
5 0.62676056 0.01300728 0.00704225 0.02601457
5 0.58732394 0.01300728 0.00704225 0.02601457
5 0.50774648 0.01300728 0.00704225 0.02601457
2 0.22253521 0.34443288 0.01408451 0.00832466
1 0.90563380 0.39854318 0.01126761 0.02081165
11 0.04929577 0.42455775 0.02394366 0.00624350
2 0.22253521 0.52133195 0.01408451 0.00832466
5 0.62605634 0.87408949 0.00704225 0.03121748
5 0.54647887 0.87304891 0.00704225 0.03121748
5 0.46760563 0.87408949 0.00704225 0.03121748
5 0.58591549 0.87304891 0.00704225 0.03121748
5 0.50704225 0.87304891 0.00704225 0.03121748
5 0.42816901 0.98751301 0.00704225 0.02497399
2 0.34225352 0.83350676 0.01408451 0.00832466
1 0.85070423 0.31113424 0.01126761 0.02081165
1 0.93873239 0.35900104 0.01126761 0.02081165
5 0.82464789 0.57960458 0.02112676 0.01040583
0 0.17535211 0.37929240 0.01408451 0.01977107
0 0.98450704 0.31997919 0.01408451 0.01977107
4 0.95774648 0.46201873 0.02394366 0.02081165
0 0.17535211 0.55515088 0.01408451 0.01977107
4 0.27535211 0.83402706 0.02676056 0.01977107
