35 0.48906108 0.40631808 0.03737466 0.08061002
4 0.75205105 0.43137255 0.11850501 0.21350763
4 0.23154057 0.43028322 0.11850501 0.21132898
18 0.35870556 0.40740741 0.01367366 0.02178649
2 0.73837739 0.76034858 0.01823154 0.01742919
6 0.43755697 0.20261438 0.01276208 0.04357298
1 0.85505925 0.62527233 0.01458523 0.04357298
2 0.34822242 0.65577342 0.01823154 0.01742919
6 0.23062899 0.21568627 0.01823154 0.03050109
2 0.61804923 0.65577342 0.01823154 0.01742919
1 0.62169553 0.41612200 0.01458523 0.04357298
6 0.74931632 0.21568627 0.01823154 0.03050109
1 0.12853236 0.61873638 0.01458523 0.04357298
5 0.02187785 0.36165577 0.02734731 0.02178649
13 0.40337284 0.62745098 0.02643573 0.04357298
5 0.95989061 0.36601307 0.02734731 0.02178649
0 0.09662716 0.55010893 0.01823154 0.04139434
0 0.12762078 0.75490196 0.01823154 0.04139434
0 0.85505925 0.75490196 0.01823154 0.04139434
0 0.88514129 0.55010893 0.01823154 0.04139434
0 0.69826800 0.83333333 0.01823154 0.04139434
6 0.43755697 0.62091503 0.01276208 0.04357298
2 0.61987238 0.25054466 0.01823154 0.01742919
6 0.54329991 0.62091503 0.01276208 0.04357298
6 0.54329991 0.20697168 0.01276208 0.04357298
3 0.23154057 0.71895425 0.00911577 0.02178649
0 0.22971741 0.87690632 0.01823154 0.04139434
2 0.36098450 0.24836601 0.01823154 0.01742919
3 0.85414768 0.13071895 0.00911577 0.02178649
3 0.49407475 0.04357298 0.00911577 0.02178649
3 0.12762078 0.13071895 0.00911577 0.02178649
3 0.88605287 0.25925926 0.00911577 0.02178649
0 0.49407475 0.83333333 0.01823154 0.04139434
0 0.78213309 0.82679739 0.01823154 0.04139434
13 0.40200547 0.21241830 0.01823154 0.06318083
3 0.09571559 0.25925926 0.00911577 0.02178649
13 0.57793984 0.63507625 0.01823154 0.06318083
18 0.22926162 0.79520697 0.01367366 0.02178649
