13 0.71719956 0.33789330 0.03197354 0.02735978
4 0.26626240 0.47127223 0.17089305 0.15731874
2 0.56890849 0.12175103 0.02205072 0.01094391
6 0.76405733 0.32831737 0.01543550 0.02735978
5 0.02094818 0.45690834 0.03307607 0.01367989
13 0.71719956 0.80574555 0.03197354 0.02735978
2 0.57111356 0.58686731 0.02205072 0.01094391
35 0.95369350 0.46169631 0.04410143 0.05882353
6 0.76295480 0.14090287 0.01543550 0.02735978
18 0.26626240 0.71545828 0.01653804 0.01367989
2 0.57111356 0.35704514 0.02205072 0.01094391
2 0.57111356 0.82489740 0.02205072 0.01094391
6 0.76515987 0.79480164 0.01543550 0.02735978
6 0.76405733 0.60738714 0.01543550 0.02735978
13 0.71223815 0.13474692 0.02205072 0.03967168
13 0.71719956 0.60601915 0.03197354 0.02735978
1 0.41565601 0.59644323 0.01764057 0.02735978
4 0.58158765 0.24281806 0.06504961 0.06976744
4 0.57497244 0.70930233 0.08930540 0.12448700
0 0.26681367 0.77496580 0.02205072 0.02599179
0 0.10143330 0.58618331 0.02205072 0.02599179
0 0.41565601 0.67783858 0.02205072 0.02599179
0 0.72987872 0.44938440 0.02205072 0.02599179
3 0.72987872 0.50615595 0.01102536 0.01367989
3 0.41455347 0.25170999 0.01102536 0.01367989
0 0.72987872 0.91450068 0.02205072 0.02599179
3 0.72767365 0.04103967 0.01102536 0.01367989
3 0.26901874 0.65663475 0.01102536 0.01367989
