14 0.05251876 0.38320000 0.06859593 0.10720000
4 0.59110397 0.47600000 0.27545552 0.82400000
5 0.82851018 0.50240000 0.03215434 0.01600000
5 0.83065380 0.44640000 0.03215434 0.01600000
1 0.33226152 0.77280000 0.01714898 0.03200000
5 0.82851018 0.80000000 0.03215434 0.01600000
2 0.35369775 0.56320000 0.02143623 0.01280000
5 0.82851018 0.62240000 0.03215434 0.01600000
5 0.83065380 0.74080000 0.03215434 0.01600000
5 0.98981779 0.68160000 0.02036442 0.01600000
11 0.05680600 0.46880000 0.03644159 0.00960000
5 0.83065380 0.32800000 0.03215434 0.01600000
1 0.17363344 0.76960000 0.01714898 0.03200000
5 0.83065380 0.20640000 0.03215434 0.01600000
1 0.86816720 0.91680000 0.01714898 0.03200000
1 0.37084673 0.12320000 0.01714898 0.03200000
5 0.98981779 0.15200000 0.02036442 0.01600000
0 0.31082529 0.42320000 0.02143623 0.03040000
2 0.35369775 0.38720000 0.02143623 0.01280000
0 0.10610932 0.25840000 0.02143623 0.03040000
1 0.37084673 0.24000000 0.02143623 0.02560000
11 0.11361200 0.39200000 0.00643087 0.05440000
5 0.83065380 0.26880000 0.03215434 0.01600000
2 0.86709539 0.77280000 0.00857449 0.03200000
0 0.37084673 0.99040000 0.02143623 0.01920000
5 0.82851018 0.56320000 0.03215434 0.01600000
0 0.17363344 0.83920000 0.02143623 0.03040000
0 0.33226152 0.98640000 0.02143623 0.02720000
2 0.37191854 0.94560000 0.00857449 0.03200000
2 0.41157556 0.91680000 0.02143623 0.01280000
1 0.10718114 0.20960000 0.01714898 0.03200000
2 0.86602358 0.24320000 0.00857449 0.03200000
0 0.86602358 0.98880000 0.02143623 0.02240000
0 0.31082529 0.59920000 0.02143623 0.03040000
0 0.82743837 0.13840000 0.02143623 0.03040000
2 0.25294748 0.23840000 0.00857449 0.03200000
4 0.10771704 0.15680000 0.02036442 0.03520000
4 0.86709539 0.33200000 0.02143623 0.04320000
4 0.17416935 0.65840000 0.01822079 0.03360000
