18 0.55798319 0.42071006 0.00840336 0.01775148
4 0.16176471 0.15976331 0.05462185 0.15384615
4 0.41176471 0.25443787 0.06722689 0.06390533
4 0.19747899 0.42011834 0.03361345 0.04733728
4 0.35294118 0.60946746 0.04201681 0.03550296
4 0.77310924 0.40236686 0.19327731 0.44970414
4 0.17226891 0.82840237 0.01680672 0.07100592
4 0.23949580 0.66863905 0.01680672 0.11834320
10 0.37268908 0.37692308 0.05966387 0.05325444
4 0.10084034 0.66863905 0.01680672 0.11834320
10 0.43109244 0.52485207 0.06050420 0.05325444
3 0.18487395 0.60591716 0.00840336 0.01183432
0 0.38487395 0.63964497 0.01680672 0.02248521
0 0.18025210 0.63313609 0.01596639 0.02366864
1 0.63865546 0.09940828 0.01344538 0.02366864
7 0.53445378 0.66153846 0.01680672 0.01656805
3 0.18487395 0.66035503 0.00840336 0.01183432
1 0.67563025 0.10059172 0.01344538 0.02366864
3 0.45546218 0.22248521 0.00840336 0.01183432
0 0.73109244 0.66449704 0.01680672 0.02248521
0 0.63781513 0.14733728 0.01680672 0.02248521
0 0.39411765 0.58047337 0.01680672 0.02248521
0 0.77310924 0.66449704 0.01680672 0.02248521
3 0.32268908 0.58934911 0.00840336 0.01183432
3 0.63865546 0.06153846 0.00840336 0.01183432
0 0.16806723 0.38520710 0.01680672 0.02248521
3 0.12352941 0.42958580 0.00840336 0.01183432
3 0.12773109 0.41656805 0.00840336 0.01183432
0 0.59957983 0.65680473 0.01596639 0.02366864
2 0.56638655 0.65680473 0.01680672 0.00946746
0 0.33529412 0.43254438 0.01680672 0.02248521
1 0.86554622 0.08875740 0.01344538 0.02366864
1 0.90336134 0.08875740 0.01344538 0.02366864
1 0.94117647 0.08875740 0.01344538 0.02366864
0 0.13445378 0.50828402 0.01680672 0.02248521
1 0.82689076 0.08875740 0.01344538 0.02366864
1 0.13445378 0.46153846 0.01344538 0.02366864
1 0.13445378 0.39053254 0.01344538 0.02366864
3 0.11932773 0.10059172 0.00840336 0.01183432
0 0.82689076 0.13550296 0.01680672 0.02248521
0 0.13445378 0.34378698 0.01680672 0.02248521
2 0.91932773 0.20000000 0.01680672 0.00946746
3 0.11932773 0.20591716 0.00840336 0.01183432
0 0.36470588 0.29526627 0.01680672 0.02248521
0 0.11932773 0.07159763 0.01680672 0.02248521
0 0.11932773 0.24792899 0.01680672 0.02248521
1 0.59327731 0.42603550 0.01344538 0.02366864
0 0.05084034 0.20000000 0.01596639 0.02366864
0 0.21302521 0.09467456 0.01596639 0.02366864
3 0.82773109 0.04970414 0.00840336 0.01183432
2 0.91932773 0.21183432 0.01680672 0.00946746
0 0.05084034 0.13017751 0.01596639 0.02366864
3 0.81428571 0.14911243 0.00840336 0.01183432
2 0.31932773 0.35384615 0.01680672 0.00946746
2 0.59243697 0.38224852 0.00672269 0.02366864
0 0.21386555 0.22366864 0.01596639 0.02366864
3 0.74369748 0.14911243 0.00840336 0.01183432
3 0.82773109 0.14911243 0.00840336 0.01183432
3 0.78151261 0.14911243 0.00840336 0.01183432
2 0.08403361 0.20000000 0.01680672 0.00946746
0 0.59327731 0.46923077 0.01680672 0.02248521
0 0.52436975 0.38047337 0.01680672 0.02248521
3 0.73109244 0.14911243 0.00840336 0.01183432
1 0.52521008 0.42603550 0.01344538 0.02366864
2 0.08403361 0.12899408 0.01680672 0.00946746
3 0.71428571 0.15029586 0.00840336 0.01183432
3 0.70420168 0.15029586 0.00840336 0.01183432
