4 0.32563025 0.22248521 0.07983193 0.15384615
4 0.20588235 0.38106509 0.04201681 0.02366864
10 0.70168067 0.54792899 0.02857143 0.05443787
10 0.70252101 0.45325444 0.02857143 0.05443787
10 0.55462185 0.54792899 0.02857143 0.05443787
10 0.62563025 0.54792899 0.02773109 0.05443787
10 0.55546218 0.45325444 0.02857143 0.05443787
10 0.62689076 0.45325444 0.02857143 0.05443787
10 0.67058824 0.22307692 0.02857143 0.05562130
10 0.66680672 0.31124260 0.02773109 0.05443787
10 0.57394958 0.22189349 0.02857143 0.05562130
10 0.57394958 0.31065089 0.02857143 0.05562130
7 0.35798319 0.41775148 0.01680672 0.01656805
0 0.33613445 0.44792899 0.01680672 0.02248521
10 0.35210084 0.66094675 0.02689076 0.01538462
10 0.26722689 0.66035503 0.02689076 0.01893491
10 0.35924370 0.55088757 0.02773109 0.02958580
10 0.43949580 0.55088757 0.02689076 0.02958580
10 0.35924370 0.47988166 0.02773109 0.02958580
10 0.43949580 0.47988166 0.02857143 0.02958580
0 0.17521008 0.41538462 0.01596639 0.02366864
0 0.46386555 0.58994083 0.01680672 0.02248521
0 0.33445378 0.51893491 0.01680672 0.02248521
0 0.38487395 0.58994083 0.01680672 0.02248521
0 0.38487395 0.51893491 0.01680672 0.02248521
3 0.20252101 0.42958580 0.00840336 0.01183432
0 0.46386555 0.51893491 0.01680672 0.02248521
0 0.22731092 0.65917160 0.01596639 0.02366864
0 0.41344538 0.51893491 0.01680672 0.02248521
0 0.31218487 0.65680473 0.01596639 0.02366864
0 0.41344538 0.58994083 0.01680672 0.02248521
0 0.62563025 0.24733728 0.01596639 0.02366864
0 0.53067227 0.33491124 0.01596639 0.02366864
0 0.65210084 0.50473373 0.01680672 0.02248521
0 0.33361345 0.58994083 0.01680672 0.02248521
0 0.61386555 0.33609467 0.01596639 0.02366864
0 0.60168067 0.50828402 0.01680672 0.02248521
0 0.71890756 0.24733728 0.01596639 0.02366864
0 0.61806723 0.24733728 0.01596639 0.02366864
0 0.62142857 0.33491124 0.01596639 0.02366864
0 0.52983193 0.24733728 0.01596639 0.02366864
0 0.57983193 0.50473373 0.01680672 0.02248521
0 0.67647059 0.59940828 0.01680672 0.02248521
0 0.67731092 0.50710059 0.01680672 0.02248521
0 0.72773109 0.50473373 0.01680672 0.02248521
0 0.70630252 0.33609467 0.01596639 0.02366864
0 0.53109244 0.50828402 0.01680672 0.02248521
0 0.60168067 0.60177515 0.01680672 0.02248521
0 0.65042017 0.59940828 0.01680672 0.02248521
0 0.72689076 0.59940828 0.01680672 0.02248521
3 0.25378151 0.18579882 0.00840336 0.01183432
0 0.57983193 0.59940828 0.01680672 0.02248521
0 0.52941176 0.60295858 0.01680672 0.02248521
0 0.23739496 0.17396450 0.01596639 0.02366864
