28 0.49579832 0.37751479 0.03361345 0.04733728
4 0.42857143 0.17159763 0.06722689 0.06390533
4 0.22058824 0.17159763 0.05462185 0.15384615
4 0.23109244 0.33727811 0.05042017 0.04733728
4 0.71428571 0.40828402 0.19327731 0.44970414
4 0.52941176 0.68047337 0.01680672 0.04733728
4 0.26890756 0.78698225 0.01680672 0.08284024
3 0.47226891 0.13727811 0.00840336 0.01183432
4 0.34873950 0.52662722 0.01680672 0.03550296
0 0.51176471 0.71420118 0.01680672 0.02248521
7 0.47731092 0.51242604 0.01680672 0.01656805
1 0.44537815 0.40591716 0.01344538 0.02366864
0 0.44621849 0.45029586 0.01680672 0.02248521
3 0.24957983 0.74437870 0.00840336 0.01183432
0 0.52773109 0.41597633 0.01680672 0.02248521
3 0.17815126 0.11124260 0.00840336 0.01183432
2 0.52352941 0.33964497 0.00672269 0.02366864
3 0.55378151 0.05443787 0.00840336 0.01183432
0 0.58193277 0.36568047 0.01596639 0.02366864
0 0.67226891 0.67041420 0.01680672 0.02248521
0 0.38067227 0.21242604 0.01680672 0.02248521
0 0.21050420 0.79289941 0.01596639 0.02366864
0 0.46890756 0.32840237 0.01680672 0.02248521
0 0.71428571 0.67041420 0.01680672 0.02248521
3 0.17815126 0.21775148 0.00840336 0.01183432
1 0.58739496 0.09467456 0.01344538 0.02366864
0 0.55462185 0.13550296 0.01680672 0.02248521
9 0.85252101 0.31301775 0.01428571 0.01065089
9 0.85252101 0.30118343 0.01428571 0.01065089
9 0.85252101 0.28934911 0.01428571 0.01065089
9 0.85294118 0.27751479 0.01512605 0.01065089
0 0.27352941 0.10532544 0.01596639 0.02366864
0 0.17899160 0.08106509 0.01680672 0.02248521
1 0.55042017 0.36568047 0.01680672 0.01893491
0 0.17815126 0.25976331 0.01680672 0.02248521
0 0.18025210 0.33727811 0.01596639 0.02366864
0 0.10966387 0.21183432 0.01596639 0.02366864
2 0.86050420 0.20473373 0.01680672 0.00946746
1 0.14621849 0.35147929 0.01344538 0.02366864
0 0.10966387 0.14082840 0.01596639 0.02366864
2 0.14285714 0.21183432 0.01680672 0.00946746
0 0.27184874 0.23550296 0.01596639 0.02366864
1 0.55462185 0.09349112 0.01344538 0.02366864
2 0.14285714 0.14082840 0.01680672 0.00946746
0 0.14621849 0.39585799 0.01680672 0.02248521
0 0.28571429 0.39585799 0.01680672 0.02248521
1 0.69243697 0.08757396 0.01344538 0.02366864
1 0.28571429 0.35147929 0.01344538 0.02366864
1 0.72689076 0.08639053 0.01344538 0.02366864
3 0.14705882 0.31242604 0.00840336 0.01183432
2 0.86050420 0.21893491 0.01680672 0.00946746
0 0.69411765 0.13195266 0.01680672 0.02248521
1 0.76974790 0.08639053 0.01344538 0.02366864
3 0.28571429 0.31242604 0.00840336 0.01183432
1 0.81092437 0.08639053 0.01344538 0.02366864
2 0.51176471 0.51952663 0.01680672 0.00946746
3 0.65042017 0.15384615 0.00840336 0.01183432
2 0.33193277 0.48402367 0.00672269 0.02366864
3 0.76890756 0.15384615 0.00840336 0.01183432
0 0.44579832 0.51952663 0.01596639 0.02366864
3 0.68487395 0.15384615 0.00840336 0.01183432
3 0.75546218 0.15502959 0.00840336 0.01183432
3 0.72268908 0.15384615 0.00840336 0.01183432
3 0.67142857 0.15502959 0.00840336 0.01183432
0 0.33025210 0.55562130 0.01680672 0.02248521
3 0.69327731 0.05443787 0.00840336 0.01183432
