4 0.52941176 0.20710059 0.05042017 0.05207101
4 0.43277311 0.56804734 0.05042017 0.05207101
4 0.15966387 0.20118343 0.03361345 0.03550296
2 0.73949580 0.22840237 0.00672269 0.02366864
2 0.64201681 0.59053254 0.00672269 0.02366864
2 0.24369748 0.22840237 0.00672269 0.02366864
2 0.73949580 0.29940828 0.00672269 0.02366864
2 0.64201681 0.66153846 0.00672269 0.02366864
0 0.70084034 0.71065089 0.01680672 0.02248521
0 0.11134454 0.15384615 0.01596639 0.02366864
0 0.74285714 0.71065089 0.01680672 0.02248521
0 0.34453782 0.30118343 0.01680672 0.02248521
0 0.84453782 0.27278107 0.01680672 0.02248521
0 0.24369748 0.32603550 0.01680672 0.02248521
2 0.81008403 0.59053254 0.00672269 0.02366864
0 0.20924370 0.32485207 0.01680672 0.02248521
0 0.80252101 0.27278107 0.01680672 0.02248521
0 0.20672269 0.66331361 0.01680672 0.02248521
0 0.24705882 0.66331361 0.01680672 0.02248521
0 0.73949580 0.34970414 0.01680672 0.02248521
0 0.81092437 0.71065089 0.01680672 0.02248521
0 0.30252101 0.30355030 0.01680672 0.02248521
0 0.15126050 0.32011834 0.01680672 0.02248521
1 0.24705882 0.59053254 0.01344538 0.02366864
2 0.31512605 0.57988166 0.01680672 0.00946746
1 0.59243697 0.58461538 0.01344538 0.02366864
1 0.20504202 0.59053254 0.01344538 0.02366864
0 0.64369748 0.71301775 0.01680672 0.02248521
0 0.47058824 0.30236686 0.01680672 0.02248521
2 0.43697479 0.25207101 0.00672269 0.02366864
1 0.70084034 0.60236686 0.01344538 0.02366864
7 0.80672269 0.64023669 0.01176471 0.02366864
0 0.37310924 0.66331361 0.01680672 0.02248521
1 0.74285714 0.60236686 0.01344538 0.02366864
1 0.68823529 0.22366864 0.01344538 0.02366864
1 0.34369748 0.22840237 0.01344538 0.02366864
2 0.33949580 0.61420118 0.00672269 0.02366864
1 0.30168067 0.22840237 0.01344538 0.02366864
0 0.34033613 0.66449704 0.01680672 0.02248521
1 0.24369748 0.27573964 0.01344538 0.02366864
2 0.40336134 0.21775148 0.01680672 0.00946746
0 0.43697479 0.30236686 0.01680672 0.02248521
1 0.80168067 0.22366864 0.01344538 0.02366864
1 0.84369748 0.22366864 0.01344538 0.02366864
1 0.37310924 0.61420118 0.01344538 0.02366864
0 0.37941176 0.56686391 0.01596639 0.02366864
0 0.47605042 0.20591716 0.01596639 0.02366864
1 0.47058824 0.25207101 0.01344538 0.02366864
21 0.27310924 0.19408284 0.01848739 0.01183432
1 0.50672269 0.56923077 0.01680672 0.01893491
1 0.60420168 0.20828402 0.01680672 0.01893491
11 0.65546218 0.19289941 0.02857143 0.00710059
11 0.55798319 0.55266272 0.02857143 0.00710059
3 0.20588235 0.53017751 0.00840336 0.01183432
3 0.77731092 0.53017751 0.00840336 0.01183432
3 0.30252101 0.17041420 0.00840336 0.01183432
3 0.84453782 0.16568047 0.00840336 0.01183432
