4 0.23949580 0.20118343 0.14285714 0.31952663
4 0.50630252 0.23076923 0.05462185 0.15384615
4 0.78991597 0.15976331 0.09243697 0.10650888
4 0.12184874 0.85207101 0.01680672 0.08284024
2 0.65042017 0.57278107 0.00672269 0.02366864
3 0.65042017 0.49940828 0.00840336 0.01183432
4 0.30252101 0.53254438 0.03361345 0.03550296
0 0.04201681 0.34733728 0.01680672 0.02248521
0 0.65042017 0.72721893 0.01680672 0.02248521
9 0.36134454 0.19408284 0.01512605 0.00946746
1 0.04201681 0.27100592 0.01344538 0.02366864
0 0.94873950 0.60177515 0.01680672 0.02248521
9 0.36134454 0.17041420 0.01512605 0.00946746
9 0.36134454 0.20650888 0.01512605 0.00828402
9 0.36092437 0.18224852 0.01428571 0.00946746
1 0.08403361 0.27100592 0.01344538 0.02366864
9 0.36134454 0.15857988 0.01512605 0.00946746
4 0.65966387 0.04733728 0.04201681 0.02366864
1 0.61680672 0.65088757 0.01344538 0.02366864
0 0.07899160 0.90946746 0.01680672 0.02248521
9 0.36134454 0.23017751 0.01512605 0.00828402
9 0.36134454 0.21775148 0.01512605 0.00946746
2 0.74789916 0.58461538 0.00672269 0.02366864
2 0.79831933 0.31834320 0.01680672 0.00946746
9 0.36092437 0.24142012 0.01596639 0.00946746
3 0.06218487 0.21538462 0.00840336 0.01183432
2 0.79663866 0.28284024 0.01680672 0.00946746
0 0.91512605 0.73905325 0.01680672 0.02248521
3 0.07899160 0.79526627 0.00840336 0.01183432
10 0.54117647 0.41893491 0.04705882 0.06627219
0 0.72268908 0.26686391 0.01680672 0.02248521
2 0.77310924 0.45325444 0.00672269 0.02366864
19 0.93193277 0.66745562 0.02016807 0.03076923
0 0.91386555 0.31834320 0.01596639 0.02366864
0 0.74789916 0.73905325 0.01680672 0.02248521
1 0.71428571 0.63195266 0.01344538 0.02366864
0 0.50000000 0.49763314 0.01680672 0.02248521
3 0.91512605 0.49349112 0.00840336 0.01183432
0 0.63025210 0.48579882 0.01680672 0.02248521
1 0.06218487 0.27100592 0.01344538 0.02366864
13 0.77310924 0.36745562 0.01680672 0.03431953
0 0.65042017 0.32011834 0.01680672 0.02248521
1 0.78487395 0.65680473 0.01344538 0.02366864
3 0.74789916 0.51124260 0.00840336 0.01183432
2 0.56638655 0.18816568 0.01680672 0.00946746
2 0.65042017 0.25917160 0.00672269 0.02366864
2 0.91512605 0.60236686 0.00672269 0.02366864
0 0.66092437 0.15266272 0.01596639 0.02366864
0 0.91386555 0.28165680 0.01596639 0.02366864
2 0.71764706 0.28284024 0.01680672 0.00946746
21 0.62184874 0.17633136 0.01848739 0.01183432
6 0.66722689 0.22840237 0.01176471 0.02366864
2 0.87394958 0.54911243 0.01680672 0.00946746
2 0.56638655 0.25917160 0.01680672 0.00946746
0 0.69537815 0.08284024 0.01596639 0.02366864
2 0.72605042 0.31834320 0.01680672 0.00946746
2 0.81512605 0.40591716 0.00672269 0.02366864
2 0.60924370 0.42485207 0.00672269 0.02366864
1 0.79831933 0.40118343 0.01344538 0.02366864
1 0.94873950 0.54319527 0.01344538 0.02366864
6 0.63025210 0.42248521 0.01176471 0.02366864
2 0.58403361 0.22366864 0.01680672 0.00946746
16 0.91470588 0.54792899 0.02436975 0.02366864
1 0.70588235 0.20473373 0.01344538 0.02366864
1 0.68823529 0.20473373 0.01344538 0.02366864
7 0.65042017 0.20473373 0.01176471 0.02366864
6 0.58403361 0.37159763 0.01680672 0.01656805
2 0.58151261 0.23550296 0.01680672 0.00946746
6 0.75630252 0.28284024 0.01680672 0.01656805
6 0.89075630 0.66863905 0.01176471 0.02366864
2 0.65042017 0.63786982 0.00672269 0.02366864
20 0.50000000 0.41952663 0.01512605 0.02011834
6 0.87394958 0.11597633 0.01680672 0.01656805
1 0.70000000 0.15266272 0.01680672 0.01893491
18 0.07142857 0.56508876 0.00840336 0.01775148
6 0.68151261 0.13136095 0.01680672 0.01656805
10 0.18445378 0.62130178 0.01428571 0.05443787
1 0.09243697 0.60236686 0.01344538 0.02366864
0 0.05042017 0.65621302 0.01680672 0.02248521
1 0.05042017 0.60236686 0.01344538 0.02366864
0 0.50000000 0.71538462 0.01680672 0.02248521
0 0.09159664 0.66094675 0.01680672 0.02248521
0 0.33529412 0.66804734 0.01680672 0.02248521
3 0.84369748 0.35147929 0.00840336 0.01183432
10 0.85294118 0.31538462 0.03529412 0.01301775
0 0.26092437 0.57869822 0.01596639 0.02366864
3 0.33529412 0.54201183 0.00840336 0.01183432
1 0.33529412 0.60236686 0.01344538 0.02366864
3 0.66386555 0.35029586 0.00840336 0.01183432
3 0.68655462 0.28284024 0.00840336 0.01183432
2 0.49915966 0.58579882 0.00672269 0.02366864
3 0.65042017 0.16094675 0.00840336 0.01183432
3 0.68655462 0.31834320 0.00840336 0.01183432
0 0.18487395 0.69171598 0.01680672 0.02248521
2 0.49915966 0.64970414 0.00672269 0.02366864
2 0.18487395 0.55029586 0.00672269 0.02366864
1 0.47899160 0.65680473 0.01344538 0.02366864
3 0.63529412 0.08165680 0.00840336 0.01183432
6 0.74957983 0.65680473 0.01176471 0.02366864
10 0.85294118 0.28284024 0.03529412 0.01656805
2 0.30252101 0.60355030 0.00672269 0.02366864
