2 0.14865672 0.75630252 0.01194030 0.00672269
2 0.14865672 0.78151261 0.01194030 0.00672269
2 0.14865672 0.80672269 0.01194030 0.00672269
2 0.14865672 0.73109244 0.01194030 0.00672269
2 0.14925373 0.83193277 0.01194030 0.00672269
2 0.14865672 0.70588235 0.01194030 0.00672269
2 0.14865672 0.85714286 0.01194030 0.00672269
2 0.08597015 0.63445378 0.00477612 0.01680672
2 0.06865672 0.65042017 0.01194030 0.00672269
2 0.72477612 0.16386555 0.00477612 0.01680672
9 0.05940299 0.78571429 0.01014925 0.00672269
2 0.34626866 0.17226891 0.00477612 0.01680672
2 0.14865672 0.68067227 0.01194030 0.00672269
9 0.05970149 0.80210084 0.01074627 0.00756303
9 0.05940299 0.77731092 0.01014925 0.00672269
2 0.70746269 0.14621849 0.01194030 0.00672269
9 0.05970149 0.79369748 0.01074627 0.00756303
9 0.05940299 0.81092437 0.01014925 0.00672269
4 0.07910448 0.17647059 0.03880597 0.10924370
9 0.05940299 0.81932773 0.01014925 0.00672269
0 0.74865672 0.19789916 0.01194030 0.01596639
2 0.13671642 0.16806723 0.01194030 0.00672269
0 0.13731343 0.24327731 0.01194030 0.01596639
2 0.14567164 0.14789916 0.01194030 0.00672269
2 0.14925373 0.19747899 0.01194030 0.00672269
9 0.05940299 0.82773109 0.01014925 0.00672269
9 0.05940299 0.76890756 0.01014925 0.00672269
0 0.13731343 0.10966387 0.01194030 0.01596639
2 0.25671642 0.19663866 0.00477612 0.01680672
2 0.13671642 0.18487395 0.01194030 0.00672269
1 0.32537313 0.16806723 0.00955224 0.01680672
3 0.74865672 0.07731092 0.00597015 0.00840336
0 0.18119403 0.14789916 0.01134328 0.01680672
4 0.40597015 0.11344538 0.03582090 0.03361345
9 0.64149254 0.09201681 0.01014925 0.00588235
9 0.05940299 0.76050420 0.01014925 0.00672269
0 0.18119403 0.19747899 0.01134328 0.01680672
1 0.30447761 0.16806723 0.00955224 0.01680672
4 0.39104478 0.40756303 0.53134328 0.21008403
3 0.10447761 0.60252101 0.00597015 0.00840336
1 0.44776119 0.15546218 0.00955224 0.01680672
6 0.73432836 0.11260504 0.00835821 0.01680672
4 0.31940299 0.81092437 0.01194030 0.04201681
4 0.67761194 0.62184874 0.01194030 0.05042017
0 0.36656716 0.23151261 0.01194030 0.01596639
4 0.33432836 0.81092437 0.01194030 0.04201681
4 0.93731343 0.70588235 0.01194030 0.04201681
4 0.25970149 0.94957983 0.02985075 0.01680672
3 0.14865672 0.05798319 0.00597015 0.00840336
4 0.87462687 0.72268908 0.01194030 0.07563025
4 0.76417910 0.62605042 0.01194030 0.03361345
1 0.47164179 0.15546218 0.00955224 0.01680672
4 0.51044776 0.17226891 0.02985075 0.01680672
15 0.08358209 0.96344538 0.01194030 0.01932773
15 0.16358209 0.96344538 0.01194030 0.01932773
4 0.45373134 0.06302521 0.02388060 0.01680672
15 0.04417910 0.96344538 0.01194030 0.01932773
3 0.23283582 0.12689076 0.00597015 0.00840336
15 0.12179104 0.96344538 0.01194030 0.01932773
0 0.40567164 0.77310924 0.01134328 0.01680672
3 0.19223881 0.21428571 0.00597015 0.00840336
4 0.51044776 0.07563025 0.02985075 0.01680672
4 0.31791045 0.69327731 0.01492537 0.17647059
4 0.51044776 0.12605042 0.02985075 0.01680672
4 0.68358209 0.12184874 0.01194030 0.02521008
0 0.62716418 0.63025210 0.01134328 0.01680672
9 0.74298507 0.66386555 0.01134328 0.00672269
4 0.20895522 0.94957983 0.02985075 0.01680672
4 0.33582090 0.69327731 0.01492537 0.17647059
0 0.23492537 0.74789916 0.01134328 0.01680672
3 0.63880597 0.64957983 0.00597015 0.00840336
6 0.23820896 0.15630252 0.00835821 0.01680672
9 0.65641791 0.67605042 0.01134328 0.00588235
19 0.76059701 0.11302521 0.01432836 0.02268908
9 0.65641791 0.68403361 0.01134328 0.00672269
0 0.77820896 0.47058824 0.01134328 0.01680672
9 0.65671642 0.66722689 0.01074627 0.00672269
0 0.04447761 0.44453782 0.01134328 0.01680672
0 0.76119403 0.42058824 0.01194030 0.01596639
16 0.74895522 0.14621849 0.01731343 0.01680672
10 0.16626866 0.10168067 0.01492537 0.04369748
0 0.71910448 0.61680672 0.01134328 0.01680672
7 0.25432836 0.15798319 0.00835821 0.01680672
2 0.88656716 0.47899160 0.01194030 0.00672269
10 0.91910448 0.14495798 0.01970149 0.01260504
7 0.12716418 0.80252101 0.01194030 0.01176471
16 0.10417910 0.65042017 0.01731343 0.01680672
7 0.12776119 0.77731092 0.01194030 0.01176471
7 0.12776119 0.70168067 0.01194030 0.01176471
3 0.72835821 0.63781513 0.00597015 0.00840336
0 0.56208955 0.15462185 0.01134328 0.01680672
10 0.91880597 0.18235294 0.01791045 0.01344538
7 0.12776119 0.85294118 0.01194030 0.01176471
7 0.12776119 0.75294118 0.01194030 0.01176471
7 0.12776119 0.82857143 0.01194030 0.01176471
7 0.12776119 0.72773109 0.01194030 0.01176471
0 0.94537313 0.47899160 0.01134328 0.01680672
10 0.91940299 0.05672269 0.02029851 0.01260504
0 0.88597015 0.39453782 0.01194030 0.01596639
10 0.91880597 0.09453782 0.01910448 0.01428571
0 0.90985075 0.39453782 0.01194030 0.01596639
1 0.76059701 0.38655462 0.01194030 0.01344538
0 0.93731343 0.20210084 0.01194030 0.01596639
7 0.12776119 0.67563025 0.01194030 0.01176471
0 0.93731343 0.11386555 0.01194030 0.01596639
0 0.91343284 0.67605042 0.01194030 0.01596639
21 0.20537313 0.13781513 0.01313433 0.00840336
1 0.74925373 0.47058824 0.01194030 0.01344538
10 0.91582090 0.47773109 0.02268657 0.01596639
1 0.90985075 0.36470588 0.01194030 0.01344538
39 0.89850746 0.35168067 0.00955224 0.01260504
2 0.88955224 0.18487395 0.01194030 0.00672269
1 0.88597015 0.36554622 0.00955224 0.01680672
1 0.73432836 0.38655462 0.00955224 0.01680672
2 0.88955224 0.05882353 0.01194030 0.00672269
2 0.88955224 0.09579832 0.01194030 0.00672269
2 0.88955224 0.14621849 0.01194030 0.00672269
3 0.55701493 0.10420168 0.00597015 0.00840336
6 0.78805970 0.38571429 0.00835821 0.01680672
3 0.45373134 0.08571429 0.00597015 0.00840336
