0 0.57297297 0.64071429 0.02162162 0.02714286
2 0.61621622 0.42857143 0.02162162 0.01142857
2 0.57297297 0.57142857 0.00864865 0.02857143
0 0.12972973 0.64071429 0.02162162 0.02714286
2 0.76972973 0.48571429 0.02162162 0.01142857
0 0.72432432 0.58357143 0.02162162 0.02714286
2 0.17297297 0.42857143 0.02162162 0.01142857
4 0.21621622 0.22857143 0.04324324 0.05714286
2 0.12972973 0.57142857 0.00864865 0.02857143
4 0.48648649 0.32142857 0.17297297 0.07142857
2 0.69189189 0.51285714 0.02162162 0.01142857
0 0.28108108 0.58357143 0.02162162 0.02714286
2 0.32648649 0.48571429 0.02162162 0.01142857
2 0.24864865 0.51285714 0.02162162 0.01142857
1 0.76756757 0.45714286 0.02162162 0.02285714
4 0.48648649 0.13571429 0.17297297 0.07142857
1 0.32432432 0.45714286 0.02162162 0.02285714
5 0.51135135 0.52571429 0.03243243 0.01428571
25 0.61945946 0.51142857 0.03243243 0.04285714
25 0.17621622 0.51142857 0.03243243 0.04285714
5 0.06810811 0.52571429 0.03243243 0.01428571
25 0.76972973 0.52857143 0.03243243 0.04285714
25 0.32648649 0.52857143 0.03243243 0.04285714
7 0.74054054 0.16000000 0.01513514 0.02857143
7 0.74054054 0.30571429 0.01513514 0.02857143
1 0.33513514 0.17142857 0.01729730 0.02857143
27 0.78702703 0.22785714 0.04324324 0.05857143
2 0.62702703 0.15714286 0.00864865 0.02857143
1 0.29189189 0.17142857 0.01729730 0.02857143
1 0.33513514 0.28571429 0.01729730 0.02857143
0 0.74432432 0.22857143 0.02054054 0.02857143
1 0.29189189 0.28571429 0.01729730 0.02857143
12 0.48324324 0.52714286 0.03243243 0.01428571
12 0.92540541 0.52714286 0.03243243 0.01428571
12 0.48324324 0.42714286 0.03243243 0.01428571
12 0.92540541 0.42714286 0.03243243 0.01428571
2 0.57297297 0.20000000 0.02162162 0.01142857
2 0.71351351 0.20000000 0.02162162 0.01142857
2 0.71351351 0.25714286 0.02162162 0.01142857
1 0.84324324 0.43428571 0.02162162 0.02285714
1 0.84324324 0.52857143 0.02162162 0.02285714
1 0.40000000 0.52857143 0.02162162 0.02285714
2 0.62702703 0.30000000 0.00864865 0.02857143
1 0.40000000 0.42857143 0.02162162 0.02285714
2 0.57297297 0.25714286 0.02162162 0.01142857
1 0.14054054 0.22857143 0.01729730 0.02857143
1 0.67027027 0.17142857 0.01729730 0.02857143
27 0.84108108 0.22857143 0.04540541 0.05714286
0 0.14054054 0.30642857 0.02162162 0.02714286
3 0.14054054 0.16142857 0.01081081 0.01428571
1 0.67027027 0.28571429 0.01729730 0.02857143
1 0.37837838 0.19142857 0.01729730 0.02857143
1 0.37837838 0.26285714 0.01729730 0.02857143
