4 0.40210084 0.59171598 0.05294118 0.15384615
0 0.04537815 0.28461538 0.01680672 0.02248521
0 0.12142857 0.21183432 0.01596639 0.02366864
4 0.47478992 0.20710059 0.47058824 0.29585799
1 0.06218487 0.23668639 0.01344538 0.02366864
3 0.70924370 0.45207101 0.00840336 0.01183432
3 0.75630252 0.45207101 0.00840336 0.01183432
1 0.07899160 0.23668639 0.01344538 0.02366864
2 0.70924370 0.48994083 0.00672269 0.02366864
2 0.75546218 0.49112426 0.00672269 0.02366864
3 0.04537815 0.19763314 0.00840336 0.01183432
0 0.29747899 0.65621302 0.01680672 0.02248521
2 0.31428571 0.63313609 0.01680672 0.00946746
2 0.30924370 0.53846154 0.01680672 0.00946746
0 0.40252101 0.71656805 0.01680672 0.02248521
0 0.39411765 0.45976331 0.01680672 0.02248521
2 0.31428571 0.57396450 0.01680672 0.00946746
1 0.15546218 0.21183432 0.01680672 0.01893491
9 0.16428571 0.24733728 0.01260504 0.00946746
2 0.31428571 0.60828402 0.01680672 0.00946746
3 0.33109244 0.50650888 0.00840336 0.01183432
0 0.71008403 0.62071006 0.01680672 0.02248521
9 0.18445378 0.21242604 0.01428571 0.00828402
0 0.29243697 0.51420118 0.01680672 0.02248521
3 0.33529412 0.67692308 0.00840336 0.01183432
4 0.21848739 0.70414201 0.02016807 0.30532544
2 0.57478992 0.47337278 0.00672269 0.02366864
4 0.10924370 0.69881657 0.02016807 0.30414201
2 0.55714286 0.51952663 0.01680672 0.00946746
3 0.57478992 0.43550296 0.00840336 0.01183432
0 0.57478992 0.64437870 0.01680672 0.02248521
7 0.76134454 0.56923077 0.01176471 0.02366864
7 0.71428571 0.57514793 0.01176471 0.02366864
2 0.89411765 0.46627219 0.01680672 0.00946746
0 0.91176471 0.56153846 0.01680672 0.02248521
10 0.57478992 0.58461538 0.01512605 0.05207101
10 0.91134454 0.50473373 0.01260504 0.04615385
