4 0.36764706 0.52071006 0.05462185 0.15384615
4 0.36764706 0.31360947 0.05462185 0.15384615
4 0.62184874 0.53254438 0.05042017 0.05917160
4 0.16386555 0.71005917 0.05042017 0.04733728
1 0.22689076 0.73372781 0.01344538 0.02366864
1 0.11260504 0.72781065 0.01344538 0.02366864
0 0.16302521 0.77928994 0.01680672 0.02248521
0 0.21764706 0.79112426 0.01680672 0.02248521
3 0.10504202 0.67100592 0.00840336 0.01183432
1 0.21008403 0.73254438 0.01344538 0.02366864
0 0.10420168 0.78639053 0.01680672 0.02248521
0 0.68907563 0.64319527 0.01680672 0.02248521
3 0.22689076 0.67218935 0.00840336 0.01183432
0 0.70882353 0.48402367 0.01596639 0.02366864
1 0.09579832 0.72662722 0.01344538 0.02366864
15 0.84873950 0.13668639 0.01680672 0.02721893
3 0.11764706 0.84852071 0.00840336 0.01183432
15 0.94873950 0.13668639 0.01680672 0.02721893
12 0.76890756 0.53609467 0.02521008 0.01183432
15 0.87731092 0.13786982 0.01680672 0.02721893
15 0.91092437 0.13550296 0.01680672 0.02721893
5 0.76890756 0.52426036 0.02521008 0.01183432
1 0.67394958 0.48402367 0.01680672 0.01893491
1 0.68907563 0.59053254 0.01344538 0.02366864
3 0.19327731 0.84852071 0.00840336 0.01183432
3 0.70840336 0.56094675 0.00840336 0.01183432
3 0.68067227 0.21065089 0.00840336 0.01183432
23 0.69915966 0.30650888 0.02521008 0.01183432
7 0.11260504 0.25088757 0.01176471 0.02366864
3 0.25714286 0.37751479 0.00840336 0.01183432
3 0.27478992 0.57278107 0.00840336 0.01183432
21 0.14957983 0.87337278 0.01848739 0.01183432
0 0.25252101 0.28284024 0.01596639 0.02366864
2 0.28655462 0.35266272 0.01680672 0.00946746
0 0.25084034 0.34201183 0.01596639 0.02366864
23 0.69915966 0.32544379 0.02521008 0.01183432
3 0.25798319 0.24733728 0.00840336 0.01183432
0 0.25672269 0.48994083 0.01596639 0.02366864
2 0.29747899 0.55976331 0.01680672 0.00946746
3 0.27478992 0.46627219 0.00840336 0.01183432
2 0.28571429 0.28284024 0.01680672 0.00946746
2 0.68067227 0.25917160 0.00672269 0.02366864
0 0.11680672 0.20769231 0.01680672 0.02248521
3 0.11680672 0.33964497 0.00840336 0.01183432
0 0.25672269 0.56094675 0.01596639 0.02366864
2 0.11764706 0.30059172 0.00672269 0.02366864
2 0.61680672 0.30532544 0.01680672 0.00946746
2 0.29747899 0.48994083 0.01680672 0.00946746
2 0.61680672 0.32544379 0.01680672 0.00946746
