4 0.21008403 0.39644970 0.08403361 0.15857988
4 0.20588235 0.58579882 0.08403361 0.15857988
4 0.21008403 0.18343195 0.08403361 0.15857988
4 0.20588235 0.80473373 0.08403361 0.15857988
4 0.51680672 0.49112426 0.07563025 0.10650888
4 0.51680672 0.17751479 0.07563025 0.10650888
4 0.63025210 0.17751479 0.07563025 0.10650888
4 0.63025210 0.49704142 0.07563025 0.10650888
0 0.10084034 0.58047337 0.01680672 0.02248521
0 0.10504202 0.39112426 0.01680672 0.02248521
0 0.10084034 0.79940828 0.01680672 0.02248521
3 0.35294118 0.53491124 0.00840336 0.01183432
3 0.35630252 0.34556213 0.00840336 0.01183432
0 0.10084034 0.85857988 0.01680672 0.02248521
0 0.10420168 0.45029586 0.01680672 0.02248521
0 0.10084034 0.63964497 0.01680672 0.02248521
3 0.35630252 0.13254438 0.00840336 0.01183432
0 0.10504202 0.17810651 0.01680672 0.02248521
0 0.10420168 0.23727811 0.01680672 0.02248521
3 0.35294118 0.75502959 0.00840336 0.01183432
1 0.35462185 0.60118343 0.01344538 0.02366864
1 0.35798319 0.41183432 0.01344538 0.02366864
1 0.35798319 0.19881657 0.01344538 0.02366864
1 0.35462185 0.82011834 0.01344538 0.02366864
2 0.32605042 0.59289941 0.01680672 0.00946746
2 0.33109244 0.40355030 0.01680672 0.00946746
2 0.33109244 0.19053254 0.01680672 0.00946746
2 0.32605042 0.81301775 0.01680672 0.00946746
0 0.33949580 0.46213018 0.01680672 0.02248521
0 0.33613445 0.65147929 0.01680672 0.02248521
0 0.33613445 0.87159763 0.01680672 0.02248521
0 0.33949580 0.24911243 0.01680672 0.02248521
