2 0.56119403 0.16722689 0.00477612 0.01680672
4 0.12686567 0.16386555 0.07462687 0.14285714
4 0.47761194 0.14285714 0.06567164 0.11764706
0 0.03313433 0.13445378 0.01134328 0.01680672
2 0.66268657 0.10840336 0.00477612 0.01680672
0 0.40507463 0.27226891 0.01134328 0.01680672
2 0.66268657 0.16722689 0.00477612 0.01680672
2 0.46865672 0.24285714 0.01194030 0.00672269
1 0.09552239 0.60000000 0.01194030 0.01344538
0 0.54328358 0.09201681 0.01194030 0.01596639
0 0.14328358 0.62983193 0.01194030 0.01596639
1 0.34029851 0.10084034 0.01194030 0.01344538
2 0.56119403 0.10840336 0.00477612 0.01680672
0 0.09552239 0.62983193 0.01194030 0.01596639
4 0.60298507 0.39495798 0.02388060 0.03361345
3 0.05194030 0.12605042 0.00597015 0.00840336
0 0.56059701 0.21470588 0.01194030 0.01596639
0 0.41223881 0.04201681 0.01134328 0.01680672
0 0.66268657 0.21302521 0.01194030 0.01596639
0 0.24776119 0.25084034 0.01194030 0.01596639
0 0.24716418 0.12478992 0.01194030 0.01596639
1 0.33970149 0.12100840 0.01194030 0.01344538
1 0.14328358 0.60000000 0.01194030 0.01344538
1 0.43582090 0.27226891 0.01194030 0.01344538
1 0.52776119 0.16722689 0.00955224 0.01680672
4 0.14626866 0.38235294 0.04776119 0.03361345
4 0.37014925 0.41176471 0.01791045 0.04201681
2 0.24776119 0.18403361 0.00477612 0.01680672
1 0.43522388 0.24285714 0.01194030 0.01344538
0 0.28059701 0.65504202 0.01194030 0.01596639
1 0.24776119 0.09579832 0.00955224 0.01680672
2 0.28059701 0.62100840 0.00477612 0.01680672
1 0.34029851 0.14285714 0.01194030 0.01344538
1 0.40000000 0.11848739 0.00955224 0.01680672
2 0.28059701 0.58655462 0.00477612 0.01680672
1 0.31343284 0.62100840 0.00955224 0.01680672
4 0.45671642 0.58823529 0.01194030 0.04201681
1 0.36656716 0.16722689 0.00955224 0.01680672
3 0.21492537 0.07310924 0.00597015 0.00840336
1 0.51343284 0.06218487 0.01194030 0.01344538
1 0.40000000 0.16722689 0.00955224 0.01680672
3 0.28059701 0.56218487 0.00597015 0.00840336
1 0.51343284 0.04201681 0.01194030 0.01344538
1 0.45134328 0.04201681 0.01194030 0.01344538
2 0.76358209 0.46386555 0.00477612 0.01680672
4 0.26268657 0.32352941 0.01194030 0.02521008
1 0.24776119 0.22352941 0.00955224 0.01680672
3 0.24716418 0.15714286 0.00597015 0.00840336
3 0.80059701 0.42857143 0.00597015 0.00840336
3 0.24776119 0.06638655 0.00597015 0.00840336
3 0.49194030 0.03025210 0.00597015 0.00840336
3 0.47462687 0.03109244 0.00597015 0.00840336
3 0.76358209 0.37731092 0.00597015 0.00840336
4 0.74328358 0.43277311 0.01194030 0.04201681
3 0.56059701 0.03109244 0.00597015 0.00840336
0 0.74925373 0.26176471 0.01194030 0.01596639
0 0.81701493 0.43697479 0.01134328 0.01680672
3 0.66208955 0.03109244 0.00597015 0.00840336
3 0.61731343 0.03109244 0.00597015 0.00840336
0 0.50358209 0.59159664 0.01134328 0.01680672
2 0.76358209 0.40168067 0.00477612 0.01680672
0 0.24119403 0.34495798 0.01194030 0.01596639
11 0.23522388 0.08403361 0.02029851 0.00504202
0 0.32477612 0.44831933 0.01194030 0.01596639
6 0.54626866 0.36134454 0.01194030 0.01176471
3 0.32477612 0.38403361 0.00597015 0.00840336
0 0.41134328 0.42563025 0.01194030 0.01596639
0 0.69850746 0.61302521 0.01194030 0.01596639
0 0.82388060 0.61386555 0.01194030 0.01596639
3 0.67761194 0.37731092 0.00597015 0.00840336
3 0.50925373 0.27226891 0.00597015 0.00840336
0 0.67701493 0.44411765 0.01194030 0.01596639
2 0.89492537 0.47899160 0.01194030 0.00672269
7 0.92059701 0.48151261 0.01194030 0.01176471
3 0.41194030 0.38739496 0.00597015 0.00840336
1 0.32477612 0.41512605 0.00955224 0.01680672
2 0.73791045 0.18571429 0.01194030 0.00672269
3 0.76298507 0.48151261 0.00597015 0.00840336
3 0.24179104 0.30840336 0.00597015 0.00840336
7 0.17791045 0.34453782 0.01194030 0.01176471
3 0.87880597 0.47478992 0.00597015 0.00840336
1 0.67701493 0.40672269 0.00955224 0.01680672
40 0.63880597 0.07689076 0.01194030 0.02436975
13 0.59641791 0.07689076 0.01194030 0.02436975
18 0.11880597 0.58613445 0.00597015 0.01260504
3 0.57014925 0.35210084 0.00597015 0.00840336
3 0.48776119 0.60000000 0.00597015 0.00840336
0 0.87761194 0.38781513 0.01194030 0.01596639
3 0.51343284 0.34957983 0.00597015 0.00840336
13 0.54567164 0.39117647 0.01194030 0.02436975
3 0.74686567 0.23613445 0.00597015 0.00840336
2 0.54567164 0.43865546 0.00477612 0.01680672
4 0.30000000 0.17184874 0.01134328 0.01428571
4 0.30000000 0.19285714 0.01134328 0.01428571
0 0.54626866 0.47016807 0.01194030 0.01596639
0 0.56955224 0.47100840 0.01194030 0.01596639
3 0.52537313 0.37731092 0.00597015 0.00840336
1 0.56955224 0.43529412 0.00955224 0.01680672
2 0.10985075 0.40840336 0.00477612 0.01680672
1 0.08597015 0.41092437 0.00955224 0.01680672
10 0.85223881 0.59957983 0.01970149 0.01932773
0 0.18149254 0.45336134 0.01194030 0.01596639
1 0.20298507 0.40252101 0.00955224 0.01680672
10 0.90537313 0.37352941 0.01850746 0.01932773
10 0.72955224 0.59831933 0.02029851 0.01848739
2 0.14328358 0.34789916 0.01194030 0.00672269
3 0.08656716 0.32521008 0.00597015 0.00840336
3 0.20298507 0.36302521 0.00597015 0.00840336
4 0.88656716 0.21680672 0.04298507 0.11428571
