2 0.77394958 0.24852071 0.00672269 0.02366864
2 0.72689076 0.55857988 0.00672269 0.02366864
2 0.71428571 0.24733728 0.00672269 0.02366864
2 0.46386555 0.55502959 0.00672269 0.02366864
2 0.64705882 0.24733728 0.00672269 0.02366864
2 0.37647059 0.24260355 0.00672269 0.02366864
2 0.66722689 0.55739645 0.00672269 0.02366864
2 0.53109244 0.55502959 0.00672269 0.02366864
2 0.57983193 0.24733728 0.00672269 0.02366864
2 0.51260504 0.24733728 0.00672269 0.02366864
2 0.59831933 0.55502959 0.00672269 0.02366864
2 0.44453782 0.24260355 0.00672269 0.02366864
19 0.25126050 0.29763314 0.02857143 0.04615385
4 0.24621849 0.61420118 0.05042017 0.05917160
2 0.17983193 0.23786982 0.01680672 0.00946746
0 0.22857143 0.35680473 0.01680672 0.02248521
14 0.44453782 0.17100592 0.03025210 0.04615385
14 0.37731092 0.17100592 0.03025210 0.04615385
14 0.72605042 0.48579882 0.03193277 0.04615385
14 0.77310924 0.17573964 0.03193277 0.04615385
14 0.59873950 0.48520710 0.03109244 0.04260355
14 0.58067227 0.17692308 0.03025210 0.04378698
14 0.46428571 0.48520710 0.03109244 0.04260355
14 0.53193277 0.48461538 0.03025210 0.04378698
14 0.71470588 0.17751479 0.03109244 0.04260355
14 0.64789916 0.17751479 0.03025210 0.04260355
14 0.66806723 0.48757396 0.03025210 0.04260355
14 0.51302521 0.17751479 0.03109244 0.04260355
16 0.22815126 0.23786982 0.02436975 0.02366864
6 0.18991597 0.29467456 0.01176471 0.02366864
1 0.37142857 0.61301775 0.01344538 0.02366864
1 0.32941176 0.61301775 0.01344538 0.02366864
0 0.30420168 0.69171598 0.01680672 0.02248521
1 0.26722689 0.66627219 0.01680672 0.01893491
