4 0.19843750 0.31433824 0.04062500 0.07426471
4 0.23802083 0.13713235 0.07291667 0.14044118
4 0.13437500 0.67794118 0.04687500 0.05000000
4 0.07578125 0.31433824 0.04114583 0.07426471
4 0.32734375 0.31433824 0.04114583 0.07426471
4 0.40312500 0.88051471 0.04062500 0.08308824
4 0.85651042 0.64485294 0.03489583 0.05735294
4 0.07864583 0.87205882 0.03541667 0.05735294
4 0.25989583 0.90514706 0.01770833 0.02500000
4 0.29505208 0.65735294 0.04114583 0.02500000
4 0.43541667 0.47573529 0.01145833 0.04117647
4 0.24244792 0.85588235 0.01197917 0.02500000
4 0.28333333 0.85588235 0.01145833 0.02500000
4 0.09895833 0.48382353 0.03541667 0.09117647
4 0.25104167 0.48786765 0.03541667 0.09044118
4 0.56692708 0.14522059 0.01197917 0.04191176
0 0.48723958 0.47941176 0.00989583 0.01470588
13 0.48046875 0.62205882 0.01510417 0.01470588
0 0.55208333 0.28639706 0.01041667 0.01397059
7 0.18750000 0.66323529 0.00729167 0.01470588
13 0.70729167 0.66360294 0.01041667 0.02132353
7 0.57760417 0.38602941 0.01041667 0.01029412
7 0.21041667 0.66323529 0.00729167 0.01470588
2 0.55208333 0.38382353 0.01041667 0.00588235
7 0.57760417 0.35294118 0.01041667 0.01029412
2 0.55208333 0.35147059 0.01041667 0.00588235
0 0.06354167 0.11875000 0.01041667 0.01397059
11 0.04583333 0.07058824 0.01770833 0.00441176
6 0.34479167 0.84558824 0.01041667 0.01029412
2 0.04062500 0.16029412 0.00416667 0.01470588
1 0.06354167 0.09117647 0.00833333 0.01470588
0 0.04062500 0.22610294 0.01041667 0.01397059
1 0.35937500 0.82573529 0.00833333 0.01470588
1 0.42343750 0.14044118 0.00833333 0.01470588
1 0.47604167 0.14044118 0.01041667 0.01176471
1 0.04062500 0.19852941 0.00833333 0.01470588
18 0.45000000 0.11801471 0.00520833 0.01102941
0 0.36250000 0.86286765 0.01041667 0.01397059
0 0.35937500 0.79595588 0.01041667 0.01397059
1 0.16666667 0.72205882 0.00833333 0.01470588
1 0.46979167 0.32941176 0.00833333 0.01470588
11 0.81562500 0.62352941 0.01770833 0.00441176
0 0.03671875 0.86691176 0.00989583 0.01470588
2 0.19531250 0.62647059 0.00416667 0.01470588
1 0.43854167 0.33014706 0.00833333 0.01470588
2 0.13437500 0.58970588 0.00416667 0.01470588
0 0.42343750 0.16875000 0.01041667 0.01397059
2 0.52916667 0.60588235 0.00416667 0.01470588
2 0.48229167 0.65588235 0.00416667 0.01470588
0 0.12057292 0.89338235 0.00989583 0.01470588
3 0.43854167 0.30073529 0.00520833 0.00735294
0 0.12057292 0.84852941 0.00989583 0.01470588
0 0.47604167 0.16875000 0.01041667 0.01397059
0 0.13125000 0.75551471 0.01041667 0.01397059
0 0.47031250 0.35845588 0.01041667 0.01397059
1 0.09270833 0.71470588 0.00833333 0.01470588
0 0.43802083 0.35845588 0.01041667 0.01397059
1 0.90937500 0.63970588 0.00833333 0.01470588
3 0.46875000 0.48382353 0.00520833 0.00735294
6 0.72447917 0.63161765 0.00729167 0.01470588
2 0.48229167 0.70147059 0.00416667 0.01470588
3 0.02604167 0.05955882 0.00520833 0.00735294
10 0.57057292 0.27830882 0.02135417 0.01397059
0 0.67109375 0.63602941 0.00989583 0.01470588
1 0.40937500 0.33014706 0.00833333 0.01470588
3 0.47031250 0.30073529 0.00520833 0.00735294
2 0.08437500 0.69338235 0.00416667 0.01470588
3 0.06354167 0.05955882 0.00520833 0.00735294
0 0.14895833 0.12316176 0.01041667 0.01397059
2 0.58125000 0.11470588 0.00416667 0.01470588
0 0.80104167 0.69375000 0.01041667 0.01397059
0 0.48229167 0.73566176 0.01041667 0.01397059
3 0.04062500 0.13455882 0.00520833 0.00735294
3 0.40885417 0.30073529 0.00520833 0.00735294
0 0.90885417 0.67389706 0.01041667 0.01397059
0 0.40885417 0.35845588 0.01041667 0.01397059
1 0.80104167 0.66029412 0.00833333 0.01470588
0 0.16979167 0.64301471 0.01041667 0.01397059
2 0.51354167 0.62279412 0.01041667 0.00588235
3 0.12916667 0.88235294 0.00520833 0.00735294
0 0.88958333 0.68198529 0.01041667 0.01397059
1 0.32604167 0.67279412 0.00833333 0.01470588
3 0.12864583 0.86029412 0.00520833 0.00735294
0 0.29479167 0.70698529 0.01041667 0.01397059
0 0.14453125 0.30955882 0.00989583 0.01470588
2 0.58125000 0.17500000 0.00416667 0.01470588
2 0.69479167 0.63529412 0.01041667 0.00588235
1 0.26406250 0.67352941 0.00833333 0.01470588
0 0.77265625 0.20220588 0.00989583 0.01470588
0 0.72421875 0.20220588 0.00989583 0.01470588
0 0.77526042 0.24338235 0.00989583 0.01470588
2 0.75052083 0.24338235 0.01041667 0.00588235
0 0.39140625 0.31029412 0.00989583 0.01470588
0 0.72734375 0.24338235 0.00989583 0.01470588
2 0.74791667 0.20220588 0.01041667 0.00588235
0 0.02942708 0.34411765 0.00989583 0.01470588
0 0.26536458 0.31029412 0.00989583 0.01470588
3 0.67968750 0.66102941 0.00520833 0.00735294
3 0.78906250 0.62573529 0.00520833 0.00735294
3 0.53333333 0.35073529 0.00520833 0.00735294
3 0.13489583 0.33455882 0.00520833 0.00735294
3 0.14843750 0.08897059 0.00520833 0.00735294
3 0.53593750 0.38014706 0.00520833 0.00735294
3 0.70729167 0.59779412 0.00520833 0.00735294
0 0.62994792 0.13970588 0.00989583 0.01470588
0 0.27942708 0.34264706 0.00989583 0.01470588
3 0.48177083 0.58014706 0.00520833 0.00735294
3 0.24791667 0.64632353 0.00520833 0.00735294
3 0.13385417 0.56691176 0.00520833 0.00735294
3 0.38593750 0.33455882 0.00520833 0.00735294
3 0.73020833 0.65661765 0.00520833 0.00735294
3 0.25468750 0.33455882 0.00520833 0.00735294
3 0.25468750 0.28529412 0.00520833 0.00735294
3 0.38593750 0.28529412 0.00520833 0.00735294
3 0.63802083 0.14852941 0.00520833 0.00735294
3 0.13489583 0.28455882 0.00520833 0.00735294
0 0.15234375 0.34411765 0.00989583 0.01470588
3 0.58125000 0.08897059 0.00520833 0.00735294
3 0.58125000 0.19926471 0.00520833 0.00735294
