4 0.22368421 0.25595238 0.13157895 0.29761905
4 0.66666667 0.14880952 0.05263158 0.03571429
4 0.78508772 0.27380952 0.05263158 0.03571429
4 0.66666667 0.23809524 0.05263158 0.03571429
4 0.66666667 0.32738095 0.05263158 0.03571429
4 0.89912281 0.41666667 0.05263158 0.03571429
4 0.78508772 0.45238095 0.05263158 0.03571429
4 0.89912281 0.59523810 0.05263158 0.03571429
4 0.78508772 0.36309524 0.05263158 0.03571429
4 0.66666667 0.41071429 0.05263158 0.03571429
4 0.89912281 0.50595238 0.05263158 0.03571429
4 0.78508772 0.53571429 0.05263158 0.03571429
4 0.89912281 0.67857143 0.05263158 0.03571429
4 0.14035088 0.83928571 0.06140351 0.04761905
0 0.05701754 0.69464286 0.01754386 0.02261905
4 0.48684211 0.51785714 0.01754386 0.03571429
3 0.46491228 0.49523810 0.00877193 0.01190476
15 0.32807018 0.90178571 0.01754386 0.02738095
0 0.44692982 0.52380952 0.01666667 0.02380952
0 0.70964912 0.26964286 0.01754386 0.02261905
0 0.82807018 0.39464286 0.01754386 0.02261905
0 0.82807018 0.30535714 0.01754386 0.02261905
0 0.70964912 0.35892857 0.01754386 0.02261905
0 0.82807018 0.48273810 0.01754386 0.02261905
0 0.70964912 0.18035714 0.01754386 0.02261905
1 0.07543860 0.52380952 0.01754386 0.01904762
0 0.94210526 0.53750000 0.01754386 0.02261905
0 0.70964912 0.44226190 0.01754386 0.02261905
0 0.82807018 0.56607143 0.01754386 0.02261905
0 0.94210526 0.62559524 0.01754386 0.02261905
0 0.93859649 0.44821429 0.01754386 0.02261905
3 0.45614035 0.36547619 0.00877193 0.01190476
1 0.07543860 0.66666667 0.01754386 0.01904762
0 0.94210526 0.71011905 0.01754386 0.02261905
1 0.07543860 0.57142857 0.01754386 0.01904762
7 0.48070175 0.38452381 0.01754386 0.01666667
3 0.36228070 0.11904762 0.00877193 0.01190476
1 0.07543860 0.61904762 0.01754386 0.01904762
0 0.36798246 0.08333333 0.01666667 0.02380952
4 0.47807018 0.66071429 0.01754386 0.02380952
0 0.09122807 0.27916667 0.01754386 0.02261905
1 0.34649123 0.24404762 0.01754386 0.01904762
3 0.36754386 0.26190476 0.00877193 0.01190476
3 0.08684211 0.39285714 0.00877193 0.01190476
3 0.07368421 0.19761905 0.00877193 0.01190476
0 0.35964912 0.29940476 0.01754386 0.02261905
1 0.32807018 0.10000000 0.01403509 0.02380952
0 0.09605263 0.42857143 0.01666667 0.02380952
0 0.32807018 0.15654762 0.01754386 0.02261905
0 0.34649123 0.19702381 0.01754386 0.02261905
1 0.09122807 0.23095238 0.01754386 0.01904762
0 0.09122807 0.17202381 0.01754386 0.02261905
2 0.51754386 0.37976190 0.01754386 0.00952381
0 0.09122807 0.35178571 0.01754386 0.02261905
10 0.30964912 0.61309524 0.01403509 0.06190476
10 0.51140351 0.19583333 0.01403509 0.06071429
18 0.10307018 0.54642857 0.01315789 0.01190476
1 0.11754386 0.41071429 0.01403509 0.02380952
18 0.10219298 0.64166667 0.01315789 0.01190476
0 0.55570175 0.37976190 0.01666667 0.02380952
2 0.47368421 0.12380952 0.00701754 0.02380952
0 0.27192982 0.68392857 0.01754386 0.02261905
2 0.27192982 0.54047619 0.00701754 0.02380952
1 0.20175439 0.85000000 0.01403509 0.02380952
0 0.09298246 0.79345238 0.01754386 0.02261905
3 0.62631579 0.12619048 0.00877193 0.01190476
0 0.51973684 0.65833333 0.01666667 0.02380952
3 0.62631579 0.21547619 0.00877193 0.01190476
3 0.74561404 0.25119048 0.00877193 0.01190476
0 0.08771930 0.91130952 0.01754386 0.02261905
1 0.08771930 0.86309524 0.01403509 0.02380952
3 0.74561404 0.34047619 0.00877193 0.01190476
0 0.20175439 0.89940476 0.01754386 0.02261905
3 0.62631579 0.30476190 0.00877193 0.01190476
3 0.27192982 0.49642857 0.00877193 0.01190476
1 0.47368421 0.19523810 0.01403509 0.02380952
3 0.74561404 0.42976190 0.00877193 0.01190476
3 0.62631579 0.38809524 0.00877193 0.01190476
3 0.85964912 0.39404762 0.00877193 0.01190476
3 0.74561404 0.51309524 0.00877193 0.01190476
0 0.47368421 0.26845238 0.01754386 0.02261905
3 0.85964912 0.48333333 0.00877193 0.01190476
3 0.85964912 0.57261905 0.00877193 0.01190476
3 0.07280702 0.84523810 0.00877193 0.01190476
3 0.85964912 0.65595238 0.00877193 0.01190476
1 0.27192982 0.61190476 0.01403509 0.02380952
3 0.45614035 0.64404762 0.00877193 0.01190476
3 0.20175439 0.81190476 0.00877193 0.01190476
3 0.47368421 0.07976190 0.00877193 0.01190476
