2 0.38208955 0.24369748 0.00477612 0.01680672
2 0.39402985 0.44033613 0.00477612 0.01680672
2 0.58746269 0.23865546 0.00477612 0.01680672
2 0.59940299 0.43697479 0.00477612 0.01680672
1 0.53134328 0.20168067 0.01194030 0.01344538
1 0.54328358 0.39915966 0.01194030 0.01344538
1 0.43880597 0.20168067 0.01194030 0.01344538
1 0.45014925 0.39915966 0.01194030 0.01344538
1 0.48597015 0.20168067 0.01194030 0.01344538
1 0.49791045 0.39831933 0.01194030 0.01344538
0 0.55820896 0.30714286 0.01194030 0.01596639
0 0.57014925 0.50546218 0.01194030 0.01596639
1 0.51044776 0.26050420 0.00955224 0.01680672
11 0.48597015 0.23445378 0.02029851 0.00504202
1 0.52238806 0.45714286 0.00955224 0.01680672
11 0.53373134 0.23445378 0.02029851 0.00504202
11 0.49791045 0.43193277 0.02029851 0.00504202
11 0.54567164 0.43193277 0.02029851 0.00504202
11 0.43223881 0.23445378 0.02029851 0.00504202
1 0.46208955 0.26050420 0.00955224 0.01680672
1 0.55820896 0.26050420 0.00955224 0.01680672
1 0.47402985 0.45714286 0.00955224 0.01680672
11 0.44417910 0.43193277 0.02029851 0.00504202
1 0.57014925 0.45798319 0.00955224 0.01680672
1 0.41432836 0.26050420 0.00955224 0.01680672
1 0.42626866 0.45714286 0.00955224 0.01680672
5 0.62985075 0.20000000 0.01791045 0.00840336
5 0.64179104 0.39747899 0.01791045 0.00840336
5 0.35402985 0.20084034 0.01791045 0.00840336
5 0.36597015 0.39831933 0.01791045 0.00840336
