4 0.79196217 0.50996678 0.07092199 0.14950166
4 0.39007092 0.25249169 0.09456265 0.21594684
4 0.65011820 0.21096346 0.04728132 0.11627907
0 0.14598109 0.17607973 0.02245863 0.03322259
3 0.13829787 0.11960133 0.01182033 0.01661130
5 0.06737589 0.29069767 0.03546099 0.01661130
5 0.06855792 0.23255814 0.03546099 0.01661130
5 0.06855792 0.11627907 0.03546099 0.01661130
5 0.06855792 0.17441860 0.03546099 0.01661130
3 0.49645390 0.53322259 0.01182033 0.01661130
3 0.86879433 0.42857143 0.01182033 0.01661130
3 0.41016548 0.54983389 0.01182033 0.01661130
1 0.91607565 0.48504983 0.01891253 0.03322259
0 0.72104019 0.41611296 0.02364066 0.03156146
0 0.86879433 0.55066445 0.02364066 0.03156146
3 0.41134752 0.53322259 0.01182033 0.01661130
3 0.49645390 0.54983389 0.01182033 0.01661130
2 0.69503546 0.46511628 0.02364066 0.01328904
1 0.86879433 0.48504983 0.01891253 0.03322259
1 0.68085106 0.50166113 0.02364066 0.02657807
7 0.89125296 0.21926910 0.01654846 0.03322259
0 0.61997636 0.50000000 0.02245863 0.03322259
10 0.45449173 0.55730897 0.06028369 0.06810631
2 0.88652482 0.15282392 0.00945626 0.03322259
0 0.69739953 0.25498339 0.02364066 0.03156146
3 0.69739953 0.14617940 0.01182033 0.01661130
3 0.88652482 0.09800664 0.01182033 0.01661130
0 0.88652482 0.28488372 0.02364066 0.03156146
2 0.72813239 0.20431894 0.02364066 0.01328904
0 0.21572104 0.27574751 0.02245863 0.03322259
0 0.56442080 0.22425249 0.02245863 0.03322259
0 0.30555556 0.15780731 0.02245863 0.03322259
0 0.47576832 0.15946844 0.02245863 0.03322259
0 0.47695035 0.34219269 0.02245863 0.03322259
0 0.37588652 0.07059801 0.02364066 0.03156146
0 0.30555556 0.34219269 0.02245863 0.03322259
0 0.40189125 0.07059801 0.02364066 0.03156146
0 0.37588652 0.42940199 0.02364066 0.03156146
0 0.40307329 0.42774086 0.02364066 0.03156146
2 0.50118203 0.22591362 0.02364066 0.01328904
2 0.27659574 0.27574751 0.02364066 0.01328904
3 0.32151300 0.28405316 0.01182033 0.01661130
3 0.45744681 0.20099668 0.01182033 0.01661130
3 0.32387707 0.20099668 0.01182033 0.01661130
3 0.45744681 0.28405316 0.01182033 0.01661130
