4 0.81512605 0.26035503 0.15126050 0.29585799
0 0.67268908 0.20473373 0.01596639 0.02366864
4 0.47058824 0.24852071 0.05042017 0.05207101
0 0.11386555 0.39644970 0.01596639 0.02366864
0 0.62521008 0.19467456 0.01680672 0.02248521
4 0.88655462 0.66272189 0.01680672 0.05917160
4 0.51260504 0.17751479 0.05042017 0.05917160
0 0.65126050 0.28816568 0.01680672 0.02248521
4 0.33823529 0.17751479 0.02941176 0.05917160
0 0.27647059 0.79230769 0.01680672 0.02248521
1 0.62605042 0.14674556 0.01344538 0.02366864
0 0.68109244 0.38343195 0.01596639 0.02366864
4 0.50000000 0.65088757 0.05882353 0.04733728
1 0.65126050 0.24260355 0.01344538 0.02366864
2 0.27647059 0.74556213 0.00672269 0.02366864
0 0.72268908 0.46568047 0.01680672 0.02248521
4 0.29411765 0.50887574 0.01680672 0.08284024
4 0.10504202 0.13609467 0.02521008 0.03550296
2 0.10000000 0.69230769 0.00672269 0.02366864
1 0.10924370 0.42011834 0.01680672 0.01893491
0 0.33067227 0.50295858 0.01596639 0.02366864
1 0.65546218 0.14674556 0.01344538 0.02366864
3 0.63361345 0.21775148 0.00840336 0.01183432
4 0.30252101 0.68639053 0.02521008 0.03550296
3 0.71344538 0.39053254 0.00840336 0.01183432
3 0.62605042 0.10650888 0.00840336 0.01183432
2 0.05378151 0.13964497 0.01680672 0.00946746
1 0.72268908 0.42011834 0.01344538 0.02366864
1 0.10924370 0.37278107 0.01680672 0.01893491
0 0.05378151 0.23491124 0.01680672 0.02248521
0 0.94411765 0.13491124 0.01596639 0.02366864
0 0.12100840 0.19940828 0.01680672 0.02248521
1 0.91092437 0.09822485 0.01344538 0.02366864
3 0.10000000 0.65325444 0.00840336 0.01183432
3 0.35042017 0.51360947 0.00840336 0.01183432
2 0.10000000 0.77514793 0.00672269 0.02366864
3 0.91764706 0.12899408 0.00840336 0.01183432
3 0.05462185 0.10295858 0.00840336 0.01183432
0 0.90252101 0.05266272 0.01680672 0.02248521
3 0.31596639 0.71005917 0.00840336 0.01183432
0 0.10000000 0.82071006 0.01680672 0.02248521
3 0.92016807 0.64023669 0.00840336 0.01183432
1 0.05378151 0.19053254 0.01344538 0.02366864
0 0.90672269 0.61952663 0.01680672 0.02248521
3 0.37394958 0.14201183 0.00840336 0.01183432
3 0.53277311 0.21893491 0.00840336 0.01183432
2 0.37310924 0.21893491 0.00672269 0.02366864
0 0.33613445 0.26568047 0.01680672 0.02248521
0 0.53361345 0.30710059 0.01680672 0.02248521
1 0.53277311 0.25917160 0.01344538 0.02366864
0 0.33613445 0.10118343 0.01680672 0.02248521
18 0.14915966 0.39526627 0.01260504 0.01183432
0 0.56260504 0.15857988 0.01596639 0.02366864
2 0.41176471 0.19526627 0.01680672 0.00946746
1 0.40672269 0.66863905 0.01344538 0.02366864
1 0.55798319 0.66390533 0.01344538 0.02366864
1 0.59243697 0.66745562 0.01344538 0.02366864
0 0.49915966 0.72248521 0.01680672 0.02248521
1 0.44033613 0.67337278 0.01344538 0.02366864
3 0.59159664 0.62248521 0.00840336 0.01183432
3 0.40672269 0.62721893 0.00840336 0.01183432
