4 0.33613445 0.34319527 0.03361345 0.22485207
13 0.22058824 0.44142012 0.02436975 0.02366864
10 0.58823529 0.39408284 0.04537815 0.05680473
2 0.18487395 0.47692308 0.00672269 0.02366864
0 0.21764706 0.54970414 0.01680672 0.02248521
0 0.28067227 0.20059172 0.01680672 0.02248521
2 0.71008403 0.44615385 0.00672269 0.02366864
2 0.71008403 0.29940828 0.00672269 0.02366864
0 0.22563025 0.31124260 0.01596639 0.02366864
1 0.75966387 0.42485207 0.01344538 0.02366864
1 0.75966387 0.35857988 0.01344538 0.02366864
2 0.26890756 0.34674556 0.01680672 0.00946746
0 0.55294118 0.45502959 0.01680672 0.02248521
0 0.58739496 0.50946746 0.01680672 0.02248521
0 0.75882353 0.50828402 0.01680672 0.02248521
0 0.66092437 0.39526627 0.01596639 0.02366864
0 0.76134454 0.27396450 0.01680672 0.02248521
0 0.58823529 0.27988166 0.01680672 0.02248521
3 0.23277311 0.35384615 0.00840336 0.01183432
3 0.23193277 0.33609467 0.00840336 0.01183432
3 0.71092437 0.50887574 0.00840336 0.01183432
3 0.70924370 0.24852071 0.00840336 0.01183432
