19 0.43529412 0.12366864 0.02689076 0.05325444
4 0.49159664 0.39644970 0.36134454 0.14201183
0 0.16848739 0.38461538 0.01596639 0.02366864
4 0.79411765 0.60946746 0.01680672 0.05917160
4 0.34453782 0.65088757 0.01680672 0.03550296
2 0.21344538 0.34911243 0.01680672 0.00946746
4 0.15126050 0.65088757 0.01680672 0.03550296
3 0.38235294 0.06863905 0.00840336 0.01183432
4 0.81092437 0.19526627 0.01680672 0.03550296
2 0.79327731 0.12307692 0.00672269 0.02366864
3 0.21848739 0.54911243 0.00840336 0.01183432
3 0.17983193 0.54911243 0.00840336 0.01183432
1 0.21344538 0.39644970 0.01680672 0.01893491
1 0.25546218 0.40828402 0.01680672 0.01893491
6 0.38151261 0.13609467 0.01176471 0.02366864
0 0.38151261 0.27751479 0.01680672 0.02248521
0 0.39831933 0.71420118 0.01680672 0.02248521
2 0.21764706 0.60355030 0.00672269 0.02366864
3 0.79411765 0.08047337 0.00840336 0.01183432
2 0.33109244 0.20710059 0.01680672 0.00946746
2 0.17983193 0.60355030 0.00672269 0.02366864
3 0.15126050 0.33372781 0.00840336 0.01183432
2 0.64705882 0.64970414 0.00672269 0.02366864
1 0.77647059 0.19526627 0.01344538 0.02366864
3 0.15126050 0.40473373 0.00840336 0.01183432
1 0.42605042 0.65917160 0.01680672 0.01893491
3 0.39831933 0.59171598 0.00840336 0.01183432
0 0.79327731 0.26331361 0.01680672 0.02248521
0 0.86848739 0.60236686 0.01596639 0.02366864
16 0.38193277 0.20591716 0.02436975 0.02366864
2 0.56638655 0.64970414 0.00672269 0.02366864
2 0.62605042 0.12426036 0.00672269 0.02366864
3 0.62521008 0.08165680 0.00840336 0.01183432
3 0.86722689 0.62603550 0.00840336 0.01183432
7 0.56386555 0.58816568 0.01176471 0.02366864
1 0.60840336 0.19526627 0.01344538 0.02366864
3 0.56722689 0.53136095 0.00840336 0.01183432
0 0.56638655 0.71538462 0.01680672 0.02248521
3 0.64621849 0.53136095 0.00840336 0.01183432
0 0.62605042 0.26568047 0.01680672 0.02248521
7 0.64369748 0.58816568 0.01176471 0.02366864
2 0.62521008 0.19526627 0.00672269 0.02366864
