2 0.72268908 0.57278107 0.00672269 0.02366864
2 0.42857143 0.64497041 0.00672269 0.02366864
0 0.48655462 0.75088757 0.01680672 0.02248521
2 0.65546218 0.57159763 0.00672269 0.02366864
2 0.42857143 0.58461538 0.00672269 0.02366864
4 0.52941176 0.51479290 0.05042017 0.09467456
4 0.46218487 0.26627219 0.06722689 0.07100592
1 0.48739496 0.70177515 0.01344538 0.02366864
1 0.37815126 0.25680473 0.01344538 0.02366864
1 0.46974790 0.70887574 0.01344538 0.02366864
1 0.40672269 0.42011834 0.01344538 0.02366864
1 0.44537815 0.42485207 0.01344538 0.02366864
2 0.34453782 0.35976331 0.00672269 0.02366864
1 0.34453782 0.26035503 0.01344538 0.02366864
6 0.69747899 0.43076923 0.01680672 0.01656805
11 0.54621849 0.39526627 0.02857143 0.00710059
19 0.31764706 0.48461538 0.03697479 0.06035503
4 0.23949580 0.28402367 0.01680672 0.03550296
16 0.43067227 0.49585799 0.02436975 0.02366864
6 0.30252101 0.23076923 0.01680672 0.01656805
7 0.43361345 0.70177515 0.01176471 0.02366864
7 0.32352941 0.36094675 0.01176471 0.02366864
6 0.72268908 0.31360947 0.01176471 0.02366864
4 0.72268908 0.64201183 0.01176471 0.03905325
3 0.26050420 0.21420118 0.00840336 0.01183432
2 0.65378151 0.45562130 0.00672269 0.02366864
