2 0.39075630 0.69112426 0.00672269 0.02366864
2 0.42857143 0.68994083 0.00672269 0.02366864
2 0.46554622 0.68994083 0.00672269 0.02366864
4 0.45714286 0.45562130 0.06554622 0.06390533
3 0.44957983 0.58698225 0.00840336 0.01183432
0 0.38991597 0.74970414 0.01680672 0.02248521
0 0.50840336 0.72248521 0.01680672 0.02248521
4 0.61344538 0.58579882 0.01680672 0.05917160
4 0.16386555 0.19526627 0.06722689 0.24852071
4 0.07142857 0.89940828 0.01680672 0.05917160
4 0.39075630 0.18934911 0.01680672 0.07100592
4 0.13025210 0.89940828 0.01680672 0.05917160
2 0.10924370 0.63786982 0.00672269 0.02366864
4 0.55462185 0.23668639 0.01680672 0.04733728
2 0.33613445 0.38343195 0.00672269 0.02366864
4 0.62605042 0.20710059 0.04201681 0.03550296
4 0.84873950 0.27810651 0.01680672 0.04733728
4 0.73109244 0.46153846 0.01680672 0.18934911
0 0.57352941 0.59053254 0.01596639 0.02366864
0 0.41512605 0.54852071 0.01680672 0.02248521
4 0.84453782 0.45562130 0.01680672 0.18934911
1 0.09579832 0.48520710 0.01680672 0.01893491
0 0.24285714 0.94023669 0.01680672 0.02248521
0 0.30168067 0.94023669 0.01680672 0.02248521
0 0.18487395 0.94023669 0.01680672 0.02248521
0 0.36050420 0.94023669 0.01680672 0.02248521
4 0.07563025 0.19585799 0.02016807 0.25443787
0 0.36974790 0.58402367 0.01680672 0.02248521
0 0.33529412 0.56035503 0.01680672 0.02248521
3 0.15966387 0.38106509 0.00840336 0.01183432
2 0.07563025 0.56213018 0.01680672 0.00946746
19 0.18361345 0.45443787 0.02268908 0.03076923
4 0.25714286 0.19467456 0.02016807 0.25443787
3 0.33613445 0.33372781 0.00840336 0.01183432
3 0.58991597 0.57278107 0.00840336 0.01183432
1 0.36974790 0.52662722 0.01344538 0.02366864
0 0.54621849 0.51893491 0.01680672 0.02248521
16 0.13739496 0.55976331 0.02436975 0.02366864
3 0.49915966 0.37396450 0.00840336 0.01183432
7 0.89243697 0.29467456 0.01680672 0.01656805
3 0.36722689 0.20591716 0.00840336 0.01183432
7 0.39579832 0.62840237 0.01176471 0.02366864
1 0.54621849 0.45088757 0.01344538 0.02366864
7 0.34117647 0.49112426 0.01176471 0.02366864
7 0.43361345 0.62958580 0.01176471 0.02366864
7 0.83613445 0.09585799 0.01176471 0.02366864
2 0.50420168 0.64497041 0.00672269 0.02366864
7 0.85714286 0.14792899 0.01176471 0.02366864
15 0.31092437 0.85976331 0.01680672 0.02721893
15 0.25210084 0.85976331 0.01680672 0.02721893
15 0.19327731 0.85976331 0.01680672 0.02721893
2 0.91092437 0.20710059 0.00672269 0.02366864
3 0.63025210 0.15976331 0.00840336 0.01183432
2 0.83949580 0.21183432 0.00672269 0.02366864
15 0.36974790 0.85976331 0.01680672 0.02721893
3 0.87142857 0.27218935 0.00840336 0.01183432
