4 0.33789564 0.83656174 0.01710864 0.03631961
4 0.23952096 0.34624697 0.01710864 0.06053269
4 0.78272027 0.49152542 0.07698888 0.02421308
10 0.31608212 0.30145278 0.04362703 0.03147700
10 0.31650984 0.38014528 0.04277160 0.03147700
4 0.81693755 0.80024213 0.01710864 0.02421308
4 0.68862275 0.80024213 0.01710864 0.02421308
4 0.88109495 0.80024213 0.01710864 0.02421308
4 0.75278015 0.80024213 0.01710864 0.02421308
10 0.31608212 0.45823245 0.04191617 0.03026634
10 0.31565441 0.22276029 0.04277160 0.03147700
2 0.88451668 0.29055690 0.00684346 0.02421308
2 0.70487596 0.29055690 0.00684346 0.02421308
2 0.76475620 0.29055690 0.00684346 0.02421308
2 0.79555175 0.29055690 0.00684346 0.02421308
2 0.85543199 0.29055690 0.00684346 0.02421308
2 0.67493584 0.29055690 0.00684346 0.02421308
2 0.73567151 0.29055690 0.00684346 0.02421308
2 0.82463644 0.29055690 0.00684346 0.02421308
7 0.67236955 0.35472155 0.01197605 0.02421308
0 0.26903336 0.84745763 0.01625321 0.02421308
7 0.82121471 0.35593220 0.01197605 0.02421308
7 0.70145423 0.35593220 0.01197605 0.02421308
7 0.85115483 0.35593220 0.01197605 0.02421308
7 0.79213003 0.35593220 0.01197605 0.02421308
7 0.76133447 0.35593220 0.01197605 0.02421308
7 0.73224979 0.35593220 0.01197605 0.02421308
7 0.88109495 0.35472155 0.01197605 0.02421308
0 0.39392643 0.34503632 0.01625321 0.02421308
3 0.27544910 0.82324455 0.00855432 0.01210654
3 0.78186484 0.18401937 0.00855432 0.01210654
