23 0.23445378 0.43076923 0.02521008 0.01183432
4 0.21008403 0.23076923 0.06722689 0.05917160
4 0.84033613 0.18934911 0.05042017 0.04733728
4 0.18907563 0.43786982 0.01680672 0.03550296
13 0.46218487 0.16035503 0.01680672 0.03431953
2 0.80672269 0.27573964 0.00672269 0.02366864
2 0.14285714 0.27100592 0.00672269 0.02366864
0 0.18193277 0.17633136 0.01596639 0.02366864
5 0.08319328 0.12899408 0.02521008 0.01183432
5 0.67142857 0.12899408 0.02521008 0.01183432
0 0.16806723 0.32130178 0.01680672 0.02248521
1 0.72268908 0.15384615 0.01344538 0.02366864
2 0.77310924 0.22366864 0.00672269 0.02366864
7 0.26890756 0.20236686 0.01176471 0.02366864
1 0.88655462 0.27573964 0.01344538 0.02366864
0 0.80672269 0.32721893 0.01680672 0.02248521
1 0.76050420 0.27573964 0.01344538 0.02366864
2 0.46218487 0.24023669 0.00672269 0.02366864
5 0.40336134 0.20710059 0.02521008 0.01183432
2 0.27310924 0.15266272 0.00672269 0.02366864
5 0.40252101 0.16449704 0.02521008 0.01183432
2 0.14201681 0.12899408 0.01680672 0.00946746
11 0.75798319 0.15384615 0.00504202 0.04023669
1 0.21008403 0.15266272 0.01344538 0.02366864
6 0.47983193 0.20591716 0.01680672 0.01656805
6 0.75966387 0.20118343 0.01176471 0.02366864
1 0.26050420 0.27218935 0.01344538 0.02366864
0 0.46218487 0.29171598 0.01680672 0.02248521
12 0.58571429 0.16449704 0.02521008 0.01183432
12 0.67310924 0.24852071 0.02521008 0.01183432
1 0.50756303 0.18816568 0.01344538 0.02366864
12 0.30924370 0.24733728 0.02521008 0.01183432
1 0.53781513 0.18816568 0.01344538 0.02366864
0 0.21848739 0.46923077 0.01680672 0.02248521
