4 0.22384937 0.47058824 0.04184100 0.05042017
4 0.34937238 0.44537815 0.02092050 0.07563025
4 0.06903766 0.59663866 0.05439331 0.02521008
24 0.47322176 0.40672269 0.01673640 0.03361345
25 0.55523013 0.39831933 0.01255230 0.02521008
9 0.32196653 0.60924370 0.00711297 0.00672269
9 0.32196653 0.61722689 0.00711297 0.00588235
9 0.32196653 0.58739496 0.00711297 0.00672269
9 0.32196653 0.60042017 0.00711297 0.00756303
9 0.32196653 0.57899160 0.00711297 0.00672269
2 0.43514644 0.46890756 0.00334728 0.01680672
12 0.63054393 0.39831933 0.01255230 0.00840336
0 0.02887029 0.61806723 0.00836820 0.01596639
0 0.50020921 0.37310924 0.00794979 0.01680672
2 0.41171548 0.52436975 0.00836820 0.00672269
11 0.08953975 0.46050420 0.01422594 0.00504202
2 0.05188285 0.56638655 0.00836820 0.00672269
2 0.44979079 0.52436975 0.00836820 0.00672269
0 0.47092050 0.52436975 0.00794979 0.01680672
2 0.49748954 0.34453782 0.00836820 0.00672269
0 0.38598326 0.34453782 0.00794979 0.01680672
1 0.53556485 0.42857143 0.00669456 0.01680672
1 0.16903766 0.48991597 0.00669456 0.01680672
1 0.41589958 0.34369748 0.00836820 0.01344538
1 0.06861925 0.47731092 0.00669456 0.01680672
0 0.10041841 0.51218487 0.00836820 0.01596639
1 0.11924686 0.47731092 0.00669456 0.01680672
0 0.18577406 0.53739496 0.00836820 0.01596639
0 0.47447699 0.47941176 0.00836820 0.01596639
1 0.17322176 0.43865546 0.00669456 0.01680672
2 0.44351464 0.34453782 0.00836820 0.00672269
0 0.12552301 0.58445378 0.00836820 0.01596639
1 0.48284519 0.37394958 0.00836820 0.01344538
1 0.27615063 0.43865546 0.00669456 0.01680672
0 0.06861925 0.51134454 0.00836820 0.01596639
1 0.11297071 0.56638655 0.00836820 0.01344538
3 0.30543933 0.44285714 0.00418410 0.00840336
2 0.39330544 0.44117647 0.00836820 0.00672269
0 0.33221757 0.51638655 0.00836820 0.01596639
1 0.10041841 0.47815126 0.00669456 0.01680672
0 0.28451883 0.48025210 0.00836820 0.01596639
2 0.39330544 0.41512605 0.00836820 0.00672269
0 0.11882845 0.51302521 0.00836820 0.01596639
1 0.29916318 0.41092437 0.00836820 0.01344538
0 0.53556485 0.47016807 0.00836820 0.01596639
3 0.06945607 0.45126050 0.00418410 0.00840336
2 0.39288703 0.43193277 0.00836820 0.00672269
3 0.11882845 0.45126050 0.00418410 0.00840336
1 0.31966527 0.47394958 0.00669456 0.01680672
2 0.52468619 0.40672269 0.00836820 0.00672269
3 0.39288703 0.50168067 0.00418410 0.00840336
3 0.10209205 0.54705882 0.00418410 0.00840336
3 0.47447699 0.35882353 0.00418410 0.00840336
