4 0.17857143 0.16568047 0.08823529 0.15384615
4 0.86134454 0.13017751 0.03361345 0.08284024
5 0.87899160 0.07692308 0.02521008 0.01183432
5 0.87899160 0.07692308 0.02521008 0.01183432
5 0.87899160 0.18343195 0.02521008 0.01183432
5 0.87899160 0.07810651 0.02521008 0.01183432
5 0.92100840 0.09940828 0.02521008 0.01183432
5 0.87899160 0.18224852 0.02521008 0.01183432
2 0.60000000 0.18343195 0.00672269 0.02366864
5 0.79663866 0.15976331 0.02521008 0.01183432
5 0.79663866 0.14792899 0.02521008 0.01183432
5 0.79663866 0.13491124 0.02521008 0.01183432
7 0.60420168 0.13372781 0.01176471 0.02366864
5 0.06554622 0.14082840 0.02521008 0.01183432
5 0.79747899 0.09940828 0.02521008 0.01183432
5 0.24621849 0.16568047 0.02521008 0.01183432
5 0.06554622 0.16449704 0.02521008 0.01183432
5 0.28235294 0.10532544 0.02521008 0.01183432
1 0.08739496 0.21183432 0.01344538 0.02366864
5 0.06554622 0.17633136 0.02521008 0.01183432
5 0.24621849 0.13609467 0.02521008 0.01183432
5 0.24621849 0.14792899 0.02521008 0.01183432
2 0.26386555 0.20710059 0.00672269 0.02366864
5 0.24621849 0.12426036 0.02521008 0.01183432
5 0.24621849 0.11242604 0.02521008 0.01183432
5 0.06554622 0.15266272 0.02521008 0.01183432
5 0.06638655 0.10532544 0.02521008 0.01183432
2 0.06050420 0.12899408 0.01680672 0.00946746
1 0.05042017 0.21183432 0.01344538 0.02366864
3 0.42857143 0.05562130 0.00840336 0.01183432
0 0.76806723 0.17573964 0.01680672 0.02248521
0 0.05042017 0.26094675 0.01680672 0.02248521
0 0.26470588 0.25976331 0.01680672 0.02248521
3 0.76890756 0.06153846 0.00840336 0.01183432
5 0.35546218 0.13372781 0.02521008 0.01183432
10 0.47394958 0.18106509 0.01344538 0.04970414
0 0.42857143 0.25857988 0.01680672 0.02248521
2 0.42857143 0.09940828 0.00672269 0.02366864
1 0.42857143 0.18343195 0.01344538 0.02366864
5 0.60000000 0.05207101 0.00840336 0.03550296
3 0.60000000 0.23313609 0.00840336 0.01183432
3 0.03277311 0.11360947 0.00840336 0.01183432
3 0.03949580 0.18816568 0.00840336 0.01183432
