4 0.71941831 0.56416465 0.05816938 0.06053269
4 0.44910180 0.61864407 0.05988024 0.06053269
4 0.39349872 0.40072639 0.07698888 0.15738499
4 0.69717707 0.21307506 0.01710864 0.04842615
4 0.81693755 0.31598063 0.04277160 0.03631961
4 0.25662960 0.58232446 0.01710864 0.08474576
2 0.85885372 0.57506053 0.00684346 0.02421308
2 0.82976903 0.57506053 0.00684346 0.02421308
2 0.52181352 0.58837772 0.01710864 0.00968523
18 0.34858854 0.62227603 0.01283148 0.01210654
2 0.47904192 0.44188862 0.00684346 0.02421308
0 0.66723695 0.22699758 0.01710864 0.02300242
10 0.56030796 0.67312349 0.02395210 0.01937046
10 0.56501283 0.75121065 0.02309666 0.01815981
2 0.47904192 0.40677966 0.01710864 0.00968523
2 0.54662104 0.78087167 0.00684346 0.02421308
0 0.47904192 0.49697337 0.01710864 0.02300242
2 0.47989735 0.39225182 0.01710864 0.00968523
0 0.54747648 0.82990315 0.01710864 0.02300242
1 0.66124893 0.56295400 0.01368691 0.02421308
0 0.77844311 0.51392252 0.01710864 0.02300242
2 0.61591104 0.34382567 0.00684346 0.02421308
3 0.64499572 0.51210654 0.00855432 0.01210654
0 0.40205304 0.68946731 0.01710864 0.02300242
0 0.83875107 0.40677966 0.01625321 0.02421308
3 0.39692044 0.57748184 0.00855432 0.01210654
2 0.23011121 0.35593220 0.00684346 0.02421308
0 0.64585115 0.59503632 0.01710864 0.02300242
3 0.66723695 0.18523002 0.00855432 0.01210654
3 0.23011121 0.31355932 0.00855432 0.01210654
3 0.59965783 0.68401937 0.00855432 0.01210654
0 0.22241232 0.63619855 0.01710864 0.02300242
0 0.72326775 0.46004843 0.01625321 0.02421308
3 0.83062447 0.38740920 0.00855432 0.01210654
2 0.68862275 0.41162228 0.00684346 0.02421308
2 0.68947819 0.32687651 0.00684346 0.02421308
3 0.50470488 0.42251816 0.00855432 0.01210654
3 0.60479042 0.76271186 0.00855432 0.01210654
3 0.33361848 0.43341404 0.00855432 0.01210654
3 0.61591104 0.30145278 0.00855432 0.01210654
3 0.19674936 0.63801453 0.00855432 0.01210654
3 0.82976903 0.61622276 0.00855432 0.01210654
3 0.85970915 0.61622276 0.00855432 0.01210654
