2 0.67563025 0.18698225 0.00672269 0.02366864
2 0.63445378 0.18698225 0.00672269 0.02366864
2 0.55042017 0.12189349 0.00672269 0.02366864
2 0.63361345 0.49467456 0.00672269 0.02366864
2 0.55462185 0.42958580 0.00672269 0.02366864
2 0.50756303 0.12189349 0.00672269 0.02366864
2 0.27226891 0.63668639 0.01680672 0.00946746
2 0.63361345 0.25798817 0.00672269 0.02366864
2 0.27226891 0.32899408 0.01680672 0.00946746
2 0.53277311 0.45325444 0.01680672 0.00946746
4 0.09663866 0.82840237 0.03361345 0.04733728
2 0.49915966 0.67810651 0.01680672 0.00946746
2 0.57142857 0.55976331 0.00672269 0.02366864
2 0.45378151 0.67810651 0.01680672 0.00946746
2 0.51260504 0.42958580 0.00672269 0.02366864
2 0.28907563 0.77869822 0.01680672 0.00946746
0 0.38697479 0.06863905 0.01596639 0.02366864
2 0.57142857 0.25207101 0.00672269 0.02366864
4 0.26890756 0.21301775 0.04201681 0.14201183
4 0.45378151 0.37869822 0.05042017 0.05207101
2 0.66722689 0.32307692 0.01680672 0.00946746
1 0.28907563 0.80828402 0.01680672 0.01893491
2 0.52941176 0.14556213 0.01680672 0.00946746
4 0.26890756 0.52071006 0.04201681 0.14201183
0 0.20630252 0.80236686 0.01596639 0.02366864
0 0.47773109 0.42958580 0.01596639 0.02366864
2 0.32268908 0.71952663 0.01680672 0.00946746
4 0.44957983 0.07100592 0.05042017 0.05207101
0 0.47352941 0.12189349 0.01596639 0.02366864
0 0.39033613 0.37633136 0.01596639 0.02366864
2 0.33109244 0.74319527 0.01680672 0.00946746
0 0.51218487 0.72544379 0.01596639 0.02366864
1 0.47478992 0.70414201 0.01344538 0.02366864
0 0.26470588 0.66686391 0.01680672 0.02248521
4 0.75420168 0.66863905 0.02100840 0.10650888
4 0.68907563 0.46153846 0.03361345 0.03550296
1 0.24369748 0.80355030 0.01680672 0.01893491
1 0.52941176 0.09230769 0.01680672 0.01893491
1 0.43277311 0.70414201 0.01344538 0.02366864
1 0.43109244 0.12189349 0.01680672 0.01893491
4 0.81092437 0.57988166 0.07563025 0.02366864
1 0.43529412 0.42958580 0.01680672 0.01893491
1 0.60000000 0.18106509 0.01344538 0.02366864
4 0.70168067 0.15384615 0.03361345 0.03550296
0 0.07605042 0.62130178 0.01596639 0.02366864
6 0.21008403 0.67337278 0.01176471 0.02366864
1 0.60000000 0.48875740 0.01344538 0.02366864
1 0.53277311 0.40000000 0.01680672 0.01893491
6 0.35210084 0.52426036 0.01176471 0.02366864
6 0.35210084 0.21656805 0.01176471 0.02366864
1 0.42857143 0.52426036 0.01344538 0.02366864
1 0.16386555 0.89112426 0.01344538 0.02366864
0 0.07605042 0.31360947 0.01596639 0.02366864
1 0.42857143 0.21656805 0.01344538 0.02366864
3 0.03361345 0.84733728 0.00840336 0.01183432
4 0.39075630 0.66863905 0.02521008 0.03550296
4 0.68907563 0.60355030 0.03361345 0.03550296
1 0.03361345 0.89112426 0.01344538 0.02366864
4 0.05882353 0.45562130 0.03361345 0.03550296
1 0.49075630 0.21656805 0.01344538 0.02366864
1 0.45714286 0.52544379 0.01344538 0.02366864
4 0.84873950 0.40355030 0.02521008 0.04497041
1 0.13865546 0.51834320 0.01344538 0.02366864
1 0.13781513 0.21065089 0.01344538 0.02366864
3 0.26218487 0.82958580 0.00840336 0.01183432
0 0.09579832 0.94615385 0.01680672 0.02248521
3 0.66386555 0.10887574 0.00840336 0.01183432
4 0.72268908 0.53254438 0.01680672 0.03550296
0 0.26386555 0.94023669 0.01680672 0.02248521
15 0.84873950 0.10118343 0.01680672 0.02721893
1 0.45714286 0.21656805 0.01344538 0.02366864
1 0.18823529 0.18106509 0.01344538 0.02366864
1 0.49159664 0.52426036 0.01344538 0.02366864
15 0.88571429 0.10355030 0.01680672 0.02721893
15 0.92436975 0.10355030 0.01680672 0.02721893
11 0.39831933 0.14556213 0.02857143 0.00710059
3 0.16386555 0.84733728 0.00840336 0.01183432
4 0.04201681 0.52071006 0.01680672 0.03550296
15 0.81008403 0.10118343 0.01680672 0.02721893
4 0.72689076 0.22485207 0.01680672 0.03550296
4 0.04201681 0.21301775 0.01680672 0.03550296
11 0.39831933 0.45325444 0.02857143 0.00710059
1 0.18823529 0.48875740 0.01344538 0.02366864
1 0.06302521 0.89112426 0.01344538 0.02366864
1 0.13361345 0.89112426 0.01344538 0.02366864
6 0.18823529 0.63786982 0.01680672 0.01656805
3 0.08403361 0.10887574 0.00840336 0.01183432
3 0.66386555 0.41656805 0.00840336 0.01183432
3 0.40420168 0.40591716 0.00840336 0.01183432
7 0.68151261 0.25443787 0.01176471 0.02366864
25 0.73193277 0.33491124 0.02521008 0.03550296
7 0.63949580 0.56094675 0.01176471 0.02366864
3 0.40000000 0.09822485 0.00840336 0.01183432
1 0.10420168 0.21183432 0.01344538 0.02366864
6 0.18823529 0.32899408 0.01680672 0.01656805
0 0.22268908 0.94023669 0.01680672 0.02248521
1 0.10420168 0.51952663 0.01344538 0.02366864
3 0.08823529 0.41656805 0.00840336 0.01183432
24 0.26722689 0.73017751 0.03361345 0.04733728
2 0.24369748 0.90532544 0.01680672 0.00946746
5 0.56386555 0.67692308 0.02521008 0.01183432
12 0.53361345 0.05562130 0.02521008 0.01183432
5 0.38235294 0.71834320 0.02521008 0.01183432
5 0.12857143 0.32781065 0.02521008 0.01183432
12 0.53781513 0.36331361 0.02521008 0.01183432
2 0.56974790 0.18579882 0.00672269 0.02366864
5 0.12857143 0.63550296 0.02521008 0.01183432
2 0.56974790 0.49349112 0.00672269 0.02366864
12 0.81596639 0.33491124 0.02521008 0.01183432
