4 0.44117647 0.26627219 0.04201681 0.18934911
4 0.19327731 0.26627219 0.04201681 0.18934911
4 0.67226891 0.26627219 0.04201681 0.18934911
13 0.19537815 0.53136095 0.02436975 0.02366864
13 0.45588235 0.53609467 0.02436975 0.02366864
13 0.73823529 0.53609467 0.02436975 0.02366864
3 0.82689076 0.14319527 0.00840336 0.01183432
4 0.93277311 0.25976331 0.02016807 0.25443787
2 0.86554622 0.16094675 0.01680672 0.00946746
0 0.87731092 0.39822485 0.01680672 0.02248521
0 0.84369748 0.25502959 0.01680672 0.02248521
3 0.86554622 0.13017751 0.00840336 0.01183432
0 0.10924370 0.67278107 0.01680672 0.02248521
0 0.65126050 0.67988166 0.01680672 0.02248521
0 0.36974790 0.67988166 0.01680672 0.02248521
1 0.65042017 0.63313609 0.01344538 0.02366864
1 0.36974790 0.63313609 0.01344538 0.02366864
1 0.10924370 0.62603550 0.01344538 0.02366864
3 0.25210084 0.17988166 0.00840336 0.01183432
2 0.73445378 0.58579882 0.00672269 0.02366864
3 0.73445378 0.47100592 0.00840336 0.01183432
3 0.10924370 0.58816568 0.00840336 0.01183432
3 0.65042017 0.59408284 0.00840336 0.01183432
3 0.36974790 0.59408284 0.00840336 0.01183432
3 0.73109244 0.17988166 0.00840336 0.01183432
3 0.45294118 0.47100592 0.00840336 0.01183432
0 0.06764706 0.19408284 0.01596639 0.02366864
0 0.31554622 0.19526627 0.01596639 0.02366864
0 0.54663866 0.19526627 0.01596639 0.02366864
2 0.45378151 0.58579882 0.00672269 0.02366864
3 0.19243697 0.46390533 0.00840336 0.01183432
0 0.25546218 0.27751479 0.01680672 0.02248521
0 0.73109244 0.27869822 0.01680672 0.02248521
3 0.50420168 0.17988166 0.00840336 0.01183432
2 0.19327731 0.57988166 0.00672269 0.02366864
0 0.50420168 0.27751479 0.01680672 0.02248521
2 0.38235294 0.53727811 0.01680672 0.00946746
2 0.12100840 0.53136095 0.01680672 0.00946746
2 0.66386555 0.53727811 0.01680672 0.00946746
