2 0.52436975 0.34911243 0.00672269 0.02366864
2 0.21344538 0.34911243 0.00672269 0.02366864
2 0.49915966 0.34911243 0.00672269 0.02366864
2 0.57899160 0.34911243 0.00672269 0.02366864
2 0.26890756 0.34911243 0.00672269 0.02366864
2 0.55378151 0.34911243 0.00672269 0.02366864
2 0.63361345 0.34911243 0.00672269 0.02366864
2 0.18823529 0.34911243 0.00672269 0.02366864
2 0.29747899 0.34911243 0.00672269 0.02366864
2 0.32352941 0.34911243 0.00672269 0.02366864
2 0.24369748 0.34911243 0.00672269 0.02366864
2 0.60840336 0.34911243 0.00672269 0.02366864
2 0.52521008 0.59053254 0.00672269 0.02366864
2 0.34789916 0.56094675 0.00672269 0.02366864
2 0.21428571 0.59053254 0.00672269 0.02366864
2 0.65882353 0.56094675 0.00672269 0.02366864
2 0.52436975 0.47810651 0.00672269 0.02366864
2 0.56638655 0.47810651 0.00672269 0.02366864
2 0.54117647 0.24733728 0.00672269 0.02366864
2 0.66722689 0.24733728 0.00672269 0.02366864
0 0.34789916 0.61360947 0.01680672 0.02248521
2 0.25546218 0.47810651 0.00672269 0.02366864
2 0.21344538 0.47810651 0.00672269 0.02366864
2 0.23025210 0.24733728 0.00672269 0.02366864
0 0.65882353 0.61360947 0.01680672 0.02248521
2 0.29747899 0.47928994 0.00672269 0.02366864
2 0.60840336 0.47928994 0.00672269 0.02366864
2 0.29747899 0.59053254 0.00672269 0.02366864
2 0.35630252 0.24733728 0.00672269 0.02366864
2 0.60840336 0.59053254 0.00672269 0.02366864
2 0.56638655 0.56094675 0.01680672 0.00946746
2 0.25546218 0.56094675 0.01680672 0.00946746
2 0.59159664 0.24733728 0.00672269 0.02366864
2 0.28067227 0.24733728 0.00672269 0.02366864
0 0.71764706 0.30118343 0.01680672 0.02248521
2 0.15462185 0.24733728 0.00672269 0.02366864
2 0.46554622 0.24733728 0.00672269 0.02366864
0 0.75210084 0.41834320 0.01680672 0.02248521
6 0.66722689 0.36094675 0.01176471 0.02366864
6 0.35630252 0.36094675 0.01176471 0.02366864
1 0.78151261 0.42011834 0.01344538 0.02366864
1 0.78151261 0.36094675 0.01344538 0.02366864
3 0.56722689 0.52307692 0.00840336 0.01183432
6 0.46554622 0.36094675 0.01176471 0.02366864
3 0.25630252 0.52307692 0.00840336 0.01183432
4 0.82058824 0.18224852 0.01932773 0.07337278
3 0.56638655 0.29822485 0.00840336 0.01183432
3 0.25546218 0.29822485 0.00840336 0.01183432
4 0.82773109 0.55621302 0.01680672 0.07100592
3 0.25630252 0.59881657 0.00840336 0.01183432
3 0.56722689 0.59881657 0.00840336 0.01183432
3 0.15462185 0.19881657 0.00840336 0.01183432
6 0.66722689 0.30650888 0.01176471 0.02366864
6 0.35630252 0.30650888 0.01176471 0.02366864
6 0.15462185 0.36094675 0.01176471 0.02366864
3 0.78151261 0.31479290 0.00840336 0.01183432
6 0.46554622 0.30650888 0.01176471 0.02366864
3 0.78067227 0.46153846 0.00840336 0.01183432
6 0.15462185 0.30769231 0.01176471 0.02366864
12 0.71764706 0.57278107 0.02521008 0.01183432
2 0.71932773 0.24733728 0.00672269 0.02366864
16 0.60966387 0.52899408 0.02436975 0.02366864
16 0.29873950 0.52899408 0.02436975 0.02366864
0 0.79411765 0.61360947 0.01680672 0.02248521
16 0.63319328 0.41775148 0.02436975 0.02366864
16 0.18949580 0.41775148 0.02436975 0.02366864
16 0.50042017 0.41775148 0.02436975 0.02366864
16 0.21302521 0.53017751 0.02436975 0.02366864
16 0.32226891 0.41775148 0.02436975 0.02366864
16 0.52394958 0.53017751 0.02436975 0.02366864
16 0.63487395 0.27573964 0.02436975 0.02366864
16 0.32394958 0.27573964 0.02436975 0.02366864
16 0.49873950 0.27573964 0.02436975 0.02366864
16 0.18781513 0.27573964 0.02436975 0.02366864
