4 0.29014925 0.63445378 0.23164179 0.31932773
4 0.13134328 0.15546218 0.04179104 0.11764706
4 0.83283582 0.71848739 0.03582090 0.03361345
2 0.38208955 0.82773109 0.01194030 0.00672269
4 0.31940299 0.13445378 0.04179104 0.03361345
4 0.56417910 0.15546218 0.03582090 0.03361345
0 0.62686567 0.19705882 0.01194030 0.01596639
0 0.42388060 0.91050420 0.01194030 0.01596639
0 0.65373134 0.19705882 0.01194030 0.01596639
0 0.36059701 0.91050420 0.01194030 0.01596639
2 0.29492537 0.21008403 0.01194030 0.00672269
0 0.34268657 0.91050420 0.01194030 0.01596639
0 0.40597015 0.91050420 0.01194030 0.01596639
2 0.28059701 0.17142857 0.01194030 0.00672269
0 0.61492537 0.19705882 0.01194030 0.01596639
0 0.28089552 0.13445378 0.01134328 0.01680672
0 0.64179104 0.19705882 0.01194030 0.01596639
2 0.32477612 0.21008403 0.01194030 0.00672269
0 0.73970149 0.76764706 0.01194030 0.01596639
0 0.89194030 0.76764706 0.01194030 0.01596639
0 0.88059701 0.76764706 0.01194030 0.01596639
0 0.67701493 0.21302521 0.01194030 0.01596639
2 0.32477612 0.23949580 0.01194030 0.00672269
0 0.25701493 0.21008403 0.01134328 0.01680672
0 0.69791045 0.21302521 0.01194030 0.01596639
28 0.38208955 0.86386555 0.02388060 0.03361345
3 0.74029851 0.69663866 0.00597015 0.00840336
1 0.73970149 0.72605042 0.00955224 0.01680672
2 0.76776119 0.75126050 0.01194030 0.00672269
3 0.62686567 0.12100840 0.00597015 0.00840336
3 0.35880597 0.21008403 0.00597015 0.00840336
3 0.65373134 0.12100840 0.00597015 0.00840336
3 0.36000000 0.17226891 0.00597015 0.00840336
1 0.42388060 0.87731092 0.00955224 0.01680672
1 0.89194030 0.72773109 0.00955224 0.01680672
3 0.61492537 0.12100840 0.00597015 0.00840336
1 0.34328358 0.87731092 0.00955224 0.01680672
3 0.64179104 0.12100840 0.00597015 0.00840336
3 0.35044776 0.13025210 0.00597015 0.00840336
2 0.76656716 0.72605042 0.01194030 0.00672269
3 0.89194030 0.69495798 0.00597015 0.00840336
3 0.16417910 0.08571429 0.00597015 0.00840336
1 0.62686567 0.15546218 0.00955224 0.01680672
1 0.65313433 0.15546218 0.00955224 0.01680672
2 0.26507463 0.84369748 0.00477612 0.01680672
1 0.61492537 0.15546218 0.00955224 0.01680672
1 0.64119403 0.15546218 0.00955224 0.01680672
3 0.26507463 0.80924370 0.00597015 0.00840336
2 0.67761194 0.14789916 0.00477612 0.01680672
3 0.05611940 0.11932773 0.00597015 0.00840336
2 0.69850746 0.14789916 0.00477612 0.01680672
7 0.80776119 0.75462185 0.01194030 0.01176471
3 0.67701493 0.11848739 0.00597015 0.00840336
3 0.69791045 0.11848739 0.00597015 0.00840336
3 0.53134328 0.13697479 0.00597015 0.00840336
3 0.21194030 0.08655462 0.00597015 0.00840336
2 0.19104478 0.84369748 0.00477612 0.01680672
2 0.19104478 0.88571429 0.00477612 0.01680672
0 0.05611940 0.23067227 0.01194030 0.01596639
3 0.59701493 0.13697479 0.00597015 0.00840336
0 0.53074627 0.18109244 0.01194030 0.01596639
0 0.26567164 0.92731092 0.01194030 0.01596639
3 0.19104478 0.81008403 0.00597015 0.00840336
0 0.57880597 0.54957983 0.01134328 0.01680672
7 0.67343284 0.18487395 0.00835821 0.01680672
2 0.50626866 0.54957983 0.01194030 0.00672269
0 0.09791045 0.22983193 0.01194030 0.01596639
7 0.69432836 0.18487395 0.00835821 0.01680672
0 0.16477612 0.22983193 0.01194030 0.01596639
7 0.53791045 0.52689076 0.01194030 0.01176471
2 0.50626866 0.52436975 0.01194030 0.00672269
0 0.16656716 0.33151261 0.01194030 0.01596639
2 0.59940299 0.44537815 0.00477612 0.01680672
7 0.59701493 0.50336134 0.00835821 0.01680672
2 0.62089552 0.44453782 0.00477612 0.01680672
7 0.61850746 0.50252101 0.00835821 0.01680672
1 0.26507463 0.88571429 0.00955224 0.01680672
0 0.19104478 0.92815126 0.01194030 0.01596639
31 0.05611940 0.17226891 0.00835821 0.02857143
0 0.51283582 0.76764706 0.01194030 0.01596639
0 0.49791045 0.76764706 0.01194030 0.01596639
16 0.31044776 0.17268908 0.01194030 0.02436975
7 0.54208955 0.55294118 0.01194030 0.01176471
2 0.13134328 0.28571429 0.01194030 0.00672269
2 0.13134328 0.31092437 0.01194030 0.00672269
21 0.19044776 0.11428571 0.01313433 0.00840336
3 0.58089552 0.52436975 0.00597015 0.00840336
0 0.48358209 0.76848739 0.01194030 0.01596639
2 0.13910448 0.66722689 0.01194030 0.00672269
0 0.46805970 0.76848739 0.01194030 0.01596639
0 0.42985075 0.76176471 0.01194030 0.01596639
0 0.45373134 0.76764706 0.01194030 0.01596639
0 0.11582090 0.80126050 0.01194030 0.01596639
1 0.45313433 0.72605042 0.00955224 0.01680672
1 0.46805970 0.72605042 0.00955224 0.01680672
3 0.11582090 0.70672269 0.00597015 0.00840336
1 0.49791045 0.72605042 0.00955224 0.01680672
3 0.42925373 0.68151261 0.00597015 0.00840336
1 0.48358209 0.72605042 0.00955224 0.01680672
1 0.51343284 0.72689076 0.00955224 0.01680672
2 0.13134328 0.73445378 0.01194030 0.00672269
3 0.59940299 0.41092437 0.00597015 0.00840336
2 0.13014925 0.71764706 0.01194030 0.00672269
2 0.13014925 0.75126050 0.01194030 0.00672269
2 0.13074627 0.72605042 0.01194030 0.00672269
2 0.13134328 0.75966387 0.01194030 0.00672269
2 0.13134328 0.76806723 0.01194030 0.00672269
3 0.51343284 0.69159664 0.00597015 0.00840336
3 0.49850746 0.68991597 0.00597015 0.00840336
3 0.62089552 0.41092437 0.00597015 0.00840336
3 0.48358209 0.68991597 0.00597015 0.00840336
3 0.45373134 0.68991597 0.00597015 0.00840336
3 0.46865672 0.68991597 0.00597015 0.00840336
