4 0.80378251 0.36046512 0.16548463 0.26578073
4 0.12411348 0.23588040 0.03546099 0.11627907
4 0.15366430 0.75913621 0.03546099 0.21594684
0 0.85224586 0.55066445 0.02364066 0.03156146
4 0.43144208 0.50996678 0.14184397 0.04983389
0 0.69799054 0.12624585 0.02245863 0.03322259
2 0.74940898 0.12624585 0.02364066 0.01328904
0 0.72754137 0.18770764 0.02245863 0.03322259
3 0.08747045 0.16777409 0.01182033 0.01661130
2 0.54255319 0.52159468 0.02364066 0.01328904
3 0.19503546 0.64119601 0.01182033 0.01661130
11 0.63829787 0.35215947 0.00709220 0.05647841
3 0.63829787 0.28405316 0.01182033 0.01661130
3 0.56619385 0.13455150 0.01182033 0.01661130
0 0.56619385 0.28488372 0.02364066 0.03156146
11 0.52600473 0.45847176 0.00709220 0.05647841
2 0.19503546 0.19269103 0.00945626 0.03322259
3 0.52600473 0.40033223 0.01182033 0.01661130
3 0.91843972 0.44352159 0.01182033 0.01661130
3 0.19385343 0.13455150 0.01182033 0.01661130
0 0.19385343 0.34302326 0.02364066 0.03156146
0 0.45390071 0.34136213 0.02364066 0.03156146
7 0.19030733 0.27242525 0.01654846 0.03322259
0 0.52482270 0.61544850 0.02364066 0.03156146
1 0.55555556 0.20265781 0.01891253 0.03322259
0 0.11111111 0.62707641 0.02364066 0.03156146
1 0.57801418 0.20265781 0.01891253 0.03322259
1 0.52600473 0.55813953 0.01891253 0.03322259
0 0.13475177 0.34302326 0.02364066 0.03156146
7 0.26122931 0.27242525 0.01654846 0.03322259
0 0.34042553 0.55730897 0.02364066 0.03156146
0 0.37825059 0.35132890 0.02364066 0.03156146
2 0.26477541 0.19269103 0.00945626 0.03322259
0 0.06382979 0.16860465 0.02364066 0.03156146
3 0.37825059 0.12458472 0.01182033 0.01661130
0 0.13475177 0.12707641 0.02364066 0.03156146
3 0.26595745 0.13455150 0.01182033 0.01661130
1 0.37825059 0.26910299 0.01891253 0.03322259
2 0.37825059 0.18604651 0.00945626 0.03322259
10 0.45508274 0.26910299 0.01654846 0.04651163
10 0.35460993 0.26993355 0.01418440 0.04817276
