4 0.15336134 0.82248521 0.05462185 0.15384615
4 0.18067227 0.24852071 0.12605042 0.39053254
4 0.22352941 0.62011834 0.04369748 0.06863905
4 0.44957983 0.41420118 0.01680672 0.05917160
0 0.05378151 0.45502959 0.01680672 0.02248521
1 0.07563025 0.42011834 0.01680672 0.01893491
0 0.31512605 0.30118343 0.01680672 0.02248521
1 0.29075630 0.26627219 0.01680672 0.01893491
30 0.16386555 0.52248521 0.00840336 0.01775148
1 0.14285714 0.63786982 0.01344538 0.02366864
0 0.29789916 0.11124260 0.01596639 0.02366864
3 0.40084034 0.41893491 0.00840336 0.01183432
2 0.22689076 0.85088757 0.01680672 0.00946746
3 0.27731092 0.74082840 0.00840336 0.01183432
2 0.22689076 0.78224852 0.01680672 0.00946746
1 0.10924370 0.63786982 0.01344538 0.02366864
0 0.11260504 0.93905325 0.01680672 0.02248521
1 0.31932773 0.63786982 0.01344538 0.02366864
0 0.38697479 0.40710059 0.01596639 0.02366864
3 0.10924370 0.57751479 0.00840336 0.01183432
3 0.31932773 0.59289941 0.00840336 0.01183432
1 0.28151261 0.63905325 0.01344538 0.02366864
0 0.16386555 0.47396450 0.01680672 0.02248521
0 0.17647059 0.70236686 0.01680672 0.02248521
