4 0.27815126 0.13431953 0.06890756 0.15029586
4 0.63025210 0.14201183 0.03361345 0.13017751
4 0.36134454 0.40236686 0.02521008 0.05917160
4 0.87394958 0.11834320 0.01680672 0.07100592
0 0.31932773 0.48934911 0.01680672 0.02248521
0 0.23025210 0.49053254 0.01680672 0.02248521
2 0.31512605 0.68520710 0.00672269 0.02366864
0 0.19663866 0.46094675 0.01680672 0.02248521
2 0.81092437 0.68639053 0.01680672 0.00946746
7 0.77899160 0.69112426 0.01680672 0.01656805
1 0.31932773 0.44497041 0.01344538 0.02366864
1 0.19663866 0.40946746 0.01344538 0.02366864
0 0.87394958 0.71538462 0.01680672 0.02248521
1 0.12605042 0.20236686 0.01344538 0.02366864
7 0.77815126 0.63195266 0.01680672 0.01656805
0 0.57899160 0.24792899 0.01680672 0.02248521
0 0.25546218 0.45976331 0.01680672 0.02248521
2 0.81008403 0.62721893 0.01680672 0.00946746
1 0.31428571 0.62603550 0.01344538 0.02366864
14 0.87436975 0.44792899 0.03949580 0.06982249
0 0.40252101 0.25857988 0.01680672 0.02248521
14 0.74873950 0.44792899 0.03865546 0.06982249
0 0.87394958 0.65621302 0.01680672 0.02248521
2 0.19327731 0.10769231 0.01680672 0.00946746
0 0.12605042 0.25857988 0.01680672 0.02248521
15 0.83529412 0.35088757 0.01680672 0.02721893
15 0.75966387 0.35088757 0.01680672 0.02721893
15 0.90756303 0.35088757 0.01680672 0.02721893
15 0.68907563 0.35088757 0.01680672 0.02721893
0 0.31428571 0.73195266 0.01680672 0.02248521
0 0.77647059 0.20532544 0.01680672 0.02248521
1 0.21008403 0.22366864 0.01344538 0.02366864
0 0.21008403 0.25857988 0.01680672 0.02248521
2 0.36134454 0.09349112 0.01680672 0.00946746
0 0.36134454 0.25857988 0.01680672 0.02248521
10 0.24327731 0.65147929 0.04453782 0.01775148
