4 0.76716418 0.31092437 0.12537313 0.14285714
4 0.10447761 0.78991597 0.01791045 0.04201681
4 0.92537313 0.51260504 0.01791045 0.04201681
4 0.31044776 0.44117647 0.02985075 0.02521008
4 0.37014925 0.44117647 0.02985075 0.02521008
4 0.25373134 0.44117647 0.02985075 0.02521008
4 0.19701493 0.44117647 0.02985075 0.02521008
4 0.42686567 0.44117647 0.02985075 0.02521008
4 0.14029851 0.44117647 0.02985075 0.02521008
4 0.48358209 0.44117647 0.02985075 0.02521008
7 0.54089552 0.31176471 0.00835821 0.01680672
0 0.30686567 0.80210084 0.01194030 0.01596639
2 0.53731343 0.24621849 0.00477612 0.01680672
7 0.30447761 0.75798319 0.00835821 0.01680672
0 0.89194030 0.55756303 0.01194030 0.01596639
0 0.90985075 0.40798319 0.01194030 0.01596639
2 0.29253731 0.73025210 0.01194030 0.00672269
1 0.36716418 0.38151261 0.00955224 0.01680672
0 0.21104478 0.80336134 0.01134328 0.01680672
0 0.66268657 0.20882353 0.01194030 0.01596639
22 0.79970149 0.16638655 0.00059701 0.00504202
0 0.63522388 0.33739496 0.01194030 0.01596639
2 0.87522388 0.27226891 0.01194030 0.00672269
1 0.25313433 0.38655462 0.00955224 0.01680672
1 0.42985075 0.38235294 0.00955224 0.01680672
0 0.28895522 0.53067227 0.01194030 0.01596639
0 0.13373134 0.74411765 0.01194030 0.01596639
0 0.75552239 0.16722689 0.01134328 0.01680672
3 0.68955224 0.21596639 0.00597015 0.00840336
3 0.20895522 0.75882353 0.00597015 0.00840336
0 0.33432836 0.30126050 0.01194030 0.01596639
30 0.63522388 0.29705882 0.00597015 0.01260504
3 0.86567164 0.40924370 0.00597015 0.00840336
22 0.84985075 0.37563025 0.00895522 0.01176471
22 0.85014925 0.32310924 0.00835821 0.00924370
22 0.85910448 0.25168067 0.00716418 0.01092437
22 0.79791045 0.20504202 0.00895522 0.01008403
