4 0.37577640 0.44871795 0.08695652 0.31410256
7 0.83850932 0.62179487 0.01086957 0.03205128
2 0.46739130 0.31410256 0.01552795 0.01282051
1 0.60869565 0.49198718 0.01242236 0.03205128
11 0.56987578 0.44391026 0.02639752 0.00961538
2 0.75000000 0.49358974 0.00621118 0.03205128
2 0.75000000 0.61378205 0.00621118 0.03205128
1 0.65217391 0.49038462 0.01242236 0.03205128
2 0.84239130 0.51282051 0.00621118 0.03205128
2 0.26086957 0.35897436 0.00621118 0.03205128
6 0.07686335 0.36057692 0.01086957 0.03205128
1 0.69565217 0.48076923 0.01242236 0.03205128
1 0.78881988 0.49358974 0.01242236 0.03205128
0 0.75000000 0.71073718 0.01552795 0.03044872
1 0.21739130 0.35897436 0.01242236 0.03205128
1 0.17391304 0.36217949 0.01242236 0.03205128
1 0.13664596 0.35897436 0.01242236 0.03205128
0 0.65217391 0.57612179 0.01552795 0.03044872
1 0.51708075 0.31089744 0.01552795 0.02564103
0 0.13664596 0.53285256 0.01552795 0.03044872
1 0.26708075 0.49038462 0.01552795 0.02564103
0 0.37577640 0.72195513 0.01552795 0.03044872
3 0.75000000 0.41826923 0.00776398 0.01602564
3 0.07608696 0.28365385 0.00776398 0.01602564
