4 0.54676617 0.21515152 0.05870647 0.07878788
4 0.17412935 0.75757576 0.05174129 0.07878788
4 0.59054726 0.70530303 0.06069652 0.05303030
4 0.72636816 0.83484848 0.02189055 0.03939394
4 0.78855721 0.83560606 0.03482587 0.04393939
2 0.25174129 0.25757576 0.00796020 0.03030303
4 0.41492537 0.80909091 0.01791045 0.03939394
2 0.58606965 0.29696970 0.00796020 0.03030303
7 0.61393035 0.93636364 0.01990050 0.02121212
1 0.73233831 0.12727273 0.01592040 0.03030303
2 0.74527363 0.26363636 0.00796020 0.03030303
1 0.68457711 0.12727273 0.01592040 0.03030303
1 0.20398010 0.33030303 0.01592040 0.03030303
7 0.46965174 0.31212121 0.01393035 0.03030303
1 0.25074627 0.32878788 0.01592040 0.03030303
1 0.78009950 0.12727273 0.01592040 0.03030303
1 0.15721393 0.33030303 0.01592040 0.03030303
1 0.82587065 0.12727273 0.01592040 0.03030303
1 0.73631841 0.34242424 0.01592040 0.03030303
7 0.39601990 0.31212121 0.01393035 0.03030303
7 0.44079602 0.32424242 0.01393035 0.03030303
1 0.80000000 0.30909091 0.01592040 0.03030303
1 0.29850746 0.32878788 0.01592040 0.03030303
7 0.36815920 0.32424242 0.01393035 0.03030303
1 0.83482587 0.30909091 0.01592040 0.03030303
1 0.86965174 0.30909091 0.01592040 0.03030303
11 0.70646766 0.21212121 0.03383085 0.00909091
0 0.78009950 0.19924242 0.01990050 0.02878788
0 0.73233831 0.19772727 0.01990050 0.02878788
10 0.55572139 0.35984848 0.04079602 0.01666667
0 0.82686567 0.19924242 0.01990050 0.02878788
0 0.68457711 0.19924242 0.01990050 0.02878788
0 0.80099502 0.42045455 0.01990050 0.02878788
0 0.73631841 0.42045455 0.01990050 0.02878788
0 0.83482587 0.42045455 0.01990050 0.02878788
0 0.58606965 0.12196970 0.01990050 0.02878788
0 0.86965174 0.42045455 0.01990050 0.02878788
0 0.50597015 0.36363636 0.01890547 0.03030303
0 0.25174129 0.45984848 0.01990050 0.02878788
0 0.69601990 0.69090909 0.01890547 0.03030303
0 0.48606965 0.69090909 0.01890547 0.03030303
2 0.60298507 0.86666667 0.01990050 0.01212121
0 0.12338308 0.85378788 0.01990050 0.02878788
0 0.22587065 0.94469697 0.01990050 0.02878788
2 0.56915423 0.93181818 0.01990050 0.01212121
1 0.28955224 0.80000000 0.01592040 0.03030303
2 0.25074627 0.76969697 0.01990050 0.01212121
1 0.22487562 0.87121212 0.01592040 0.03030303
0 0.65223881 0.86818182 0.01890547 0.03030303
0 0.66517413 0.93181818 0.01890547 0.03030303
0 0.65323383 0.81515152 0.01890547 0.03030303
2 0.60298507 0.81515152 0.01990050 0.01212121
3 0.88855721 0.08484848 0.00995025 0.01515152
0 0.81990050 0.83560606 0.01990050 0.02878788
0 0.75323383 0.87803030 0.01990050 0.02878788
3 0.74427861 0.73787879 0.00995025 0.01515152
3 0.51542289 0.93333333 0.00995025 0.01515152
3 0.33532338 0.82727273 0.00995025 0.01515152
3 0.89154229 0.21515152 0.00995025 0.01515152
3 0.34129353 0.76969697 0.00995025 0.01515152
