2 0.80084034 0.53136095 0.00672269 0.02366864
2 0.76806723 0.43668639 0.00672269 0.02366864
2 0.62605042 0.28520710 0.00672269 0.02366864
2 0.76806723 0.48284024 0.00672269 0.02366864
2 0.58403361 0.54082840 0.00672269 0.02366864
0 0.47058824 0.50710059 0.01680672 0.02248521
2 0.67563025 0.30059172 0.00672269 0.02366864
2 0.38991597 0.25917160 0.00672269 0.02366864
2 0.76806723 0.53136095 0.00672269 0.02366864
0 0.38151261 0.60177515 0.01680672 0.02248521
0 0.50840336 0.50236686 0.01680672 0.02248521
0 0.46218487 0.36627219 0.01680672 0.02248521
2 0.43277311 0.50177515 0.01680672 0.00946746
2 0.58319328 0.59289941 0.00672269 0.02366864
1 0.38151261 0.55739645 0.01344538 0.02366864
1 0.43193277 0.25917160 0.01344538 0.02366864
3 0.57478992 0.26863905 0.00840336 0.01183432
0 0.33529412 0.52603550 0.01680672 0.02248521
0 0.58277311 0.34437870 0.01596639 0.02366864
0 0.77605042 0.56804734 0.01596639 0.02366864
1 0.62605042 0.45562130 0.01344538 0.02366864
0 0.54915966 0.49112426 0.01596639 0.02366864
0 0.67226891 0.56627219 0.01680672 0.02248521
6 0.54621849 0.28165680 0.01680672 0.01656805
3 0.38991597 0.22011834 0.00840336 0.01183432
3 0.76806723 0.40000000 0.00840336 0.01183432
1 0.52436975 0.47810651 0.01680672 0.01893491
3 0.62184874 0.60710059 0.00840336 0.01183432
33 0.50000000 0.33195266 0.04873950 0.11479290
6 0.38991597 0.30650888 0.01176471 0.02366864
1 0.57478992 0.30769231 0.01344538 0.02366864
6 0.47058824 0.41775148 0.01176471 0.02366864
36 0.52899160 0.54142012 0.05966387 0.04142012
1 0.47058824 0.46272189 0.01344538 0.02366864
4 0.37815126 0.44378698 0.04201681 0.07100592
4 0.23949580 0.36094675 0.02521008 0.03550296
21 0.20084034 0.35384615 0.01848739 0.01183432
4 0.73529412 0.31360947 0.02521008 0.04733728
4 0.66806723 0.49704142 0.02521008 0.04733728
7 0.62184874 0.33372781 0.01176471 0.02366864
5 0.14201681 0.35502959 0.02521008 0.01183432
5 0.17647059 0.38934911 0.02521008 0.01183432
0 0.28571429 0.43372781 0.01680672 0.02248521
1 0.28571429 0.38698225 0.01344538 0.02366864
0 0.28151261 0.33195266 0.01680672 0.02248521
3 0.28571429 0.35029586 0.00840336 0.01183432
