4 0.53361345 0.17751479 0.04201681 0.04733728
2 0.45378151 0.14082840 0.00672269 0.02366864
2 0.45378151 0.21893491 0.00672269 0.02366864
1 0.60000000 0.22958580 0.01344538 0.02366864
2 0.55882353 0.11834320 0.01680672 0.00946746
1 0.67563025 0.22603550 0.01344538 0.02366864
1 0.71428571 0.22366864 0.01344538 0.02366864
3 0.45378151 0.09704142 0.00840336 0.01183432
1 0.52941176 0.23550296 0.01680672 0.01893491
3 0.67899160 0.14319527 0.00840336 0.01183432
0 0.45378151 0.30000000 0.01680672 0.02248521
0 0.66722689 0.30000000 0.01680672 0.02248521
11 0.65462185 0.15857988 0.02857143 0.00710059
3 0.60000000 0.13964497 0.00840336 0.01183432
6 0.57899160 0.23550296 0.01176471 0.02366864
