4 0.17395833 0.12279412 0.03854167 0.08823529
4 0.16666667 0.26727941 0.04166667 0.04191176
4 0.37968750 0.54705882 0.05937500 0.09264706
4 0.32109375 0.40183824 0.01197917 0.04191176
4 0.48072917 0.10477941 0.03541667 0.03750000
4 0.47005208 0.27022059 0.02343750 0.05073529
13 0.27265625 0.29191176 0.01510417 0.01470588
4 0.29479167 0.14742647 0.03541667 0.05073529
4 0.23932292 0.40183824 0.01197917 0.04191176
4 0.13854167 0.39926471 0.03541667 0.05000000
4 0.37369792 0.29264706 0.01197917 0.02500000
4 0.04453125 0.11764706 0.02864583 0.14264706
4 0.28515625 0.26176471 0.01197917 0.02500000
7 0.15520833 0.55441176 0.00729167 0.01470588
7 0.17968750 0.55514706 0.00729167 0.01470588
7 0.20520833 0.55514706 0.00729167 0.01470588
2 0.44427083 0.30294118 0.00416667 0.01470588
0 0.44427083 0.33639706 0.01041667 0.01397059
2 0.43177083 0.28602941 0.01041667 0.00588235
0 0.12552083 0.34669118 0.01041667 0.01397059
0 0.19270833 0.32316176 0.01041667 0.01397059
2 0.12500000 0.31323529 0.00416667 0.01470588
0 0.08750000 0.30698529 0.01041667 0.01397059
1 0.21562500 0.14411765 0.00833333 0.01470588
9 0.29453125 0.08088235 0.01093750 0.00735294
2 0.07604167 0.52058824 0.00416667 0.01470588
2 0.10781250 0.51911765 0.00416667 0.01470588
1 0.51041667 0.12500000 0.00833333 0.01470588
2 0.09166667 0.51985294 0.00416667 0.01470588
6 0.11510417 0.27058824 0.00729167 0.01470588
2 0.20208333 0.28676471 0.00416667 0.01470588
0 0.11458333 0.30551471 0.01041667 0.01397059
1 0.19895833 0.24117647 0.00833333 0.01470588
2 0.12395833 0.51985294 0.00416667 0.01470588
2 0.03854167 0.28750000 0.00416667 0.01470588
2 0.14010417 0.52058824 0.00416667 0.01470588
1 0.16562500 0.43529412 0.00833333 0.01470588
2 0.21562500 0.09926471 0.00416667 0.01470588
1 0.08645833 0.27205882 0.00833333 0.01470588
0 0.21562500 0.17463235 0.01041667 0.01397059
0 0.16250000 0.45845588 0.01041667 0.01397059
0 0.03854167 0.32242647 0.01041667 0.01397059
0 0.05729167 0.32242647 0.01041667 0.01397059
2 0.03854167 0.25367647 0.00416667 0.01470588
0 0.51041667 0.15551471 0.01041667 0.01397059
1 0.12552083 0.28382353 0.00833333 0.01470588
0 0.45625000 0.15551471 0.01041667 0.01397059
0 0.27291667 0.32610294 0.01041667 0.01397059
11 0.10208333 0.25367647 0.01770833 0.00441176
0 0.43880208 0.26029412 0.00989583 0.01470588
2 0.13645833 0.08676471 0.01041667 0.00588235
0 0.19895833 0.18492647 0.01041667 0.01397059
2 0.05729167 0.28750000 0.00416667 0.01470588
0 0.25130208 0.13014706 0.00989583 0.01470588
1 0.22187500 0.27941176 0.00833333 0.01470588
0 0.15338542 0.23235294 0.00989583 0.01470588
0 0.12395833 0.10404412 0.01041667 0.01397059
2 0.18281250 0.51985294 0.00416667 0.01470588
2 0.20833333 0.51985294 0.00416667 0.01470588
0 0.39244792 0.48382353 0.00989583 0.01470588
2 0.05729167 0.25367647 0.00416667 0.01470588
1 0.45104167 0.12500000 0.00833333 0.01470588
2 0.15833333 0.51985294 0.00416667 0.01470588
0 0.09661458 0.05367647 0.00989583 0.01470588
0 0.10963542 0.39852941 0.00989583 0.01470588
2 0.12395833 0.14117647 0.01041667 0.00588235
2 0.43385417 0.57500000 0.01041667 0.00588235
2 0.29739583 0.09926471 0.01041667 0.00588235
0 0.42604167 0.59375000 0.01041667 0.01397059
0 0.26953125 0.39705882 0.00989583 0.01470588
0 0.34244792 0.15367647 0.00989583 0.01470588
2 0.30260417 0.29191176 0.01041667 0.00588235
0 0.20703125 0.39705882 0.00989583 0.01470588
0 0.35078125 0.38823529 0.00989583 0.01470588
0 0.43802083 0.13051471 0.01041667 0.01397059
0 0.15833333 0.58786765 0.01041667 0.01397059
8 0.33593750 0.09852941 0.01041667 0.01470588
1 0.35260417 0.29264706 0.00833333 0.01470588
0 0.06614583 0.19963235 0.01041667 0.01397059
0 0.35260417 0.32316176 0.01041667 0.01397059
3 0.08645833 0.24338235 0.00520833 0.00735294
3 0.10937500 0.41176471 0.00520833 0.00735294
3 0.08541667 0.13750000 0.00520833 0.00735294
3 0.28437500 0.07720588 0.00520833 0.00735294
2 0.35260417 0.26323529 0.00416667 0.01470588
3 0.12395833 0.49264706 0.00520833 0.00735294
3 0.34166667 0.15955882 0.00520833 0.00735294
3 0.51041667 0.08308824 0.00520833 0.00735294
3 0.11197917 0.13014706 0.00520833 0.00735294
3 0.14010417 0.49264706 0.00520833 0.00735294
3 0.27291667 0.23602941 0.00520833 0.00735294
3 0.07604167 0.49264706 0.00520833 0.00735294
3 0.16666667 0.37867647 0.00520833 0.00735294
3 0.10781250 0.49264706 0.00520833 0.00735294
3 0.33072917 0.57647059 0.00520833 0.00735294
3 0.08541667 0.06176471 0.00520833 0.00735294
3 0.21562500 0.07279412 0.00520833 0.00735294
3 0.05729167 0.22720588 0.00520833 0.00735294
3 0.22239583 0.38455882 0.00520833 0.00735294
1 0.07916667 0.40294118 0.00833333 0.01470588
3 0.25833333 0.38823529 0.00520833 0.00735294
3 0.09166667 0.49264706 0.00520833 0.00735294
3 0.10937500 0.37794118 0.00520833 0.00735294
0 0.07916667 0.43492647 0.01041667 0.01397059
3 0.03854167 0.22720588 0.00520833 0.00735294
3 0.22187500 0.25147059 0.00520833 0.00735294
3 0.33750000 0.39338235 0.00520833 0.00735294
3 0.20833333 0.49264706 0.00520833 0.00735294
3 0.18333333 0.49191176 0.00520833 0.00735294
3 0.15833333 0.49338235 0.00520833 0.00735294
3 0.35312500 0.23602941 0.00520833 0.00735294
3 0.07916667 0.37573529 0.00520833 0.00735294
8 0.44218750 0.11323529 0.01041667 0.01470588
8 0.46979167 0.22132353 0.01041667 0.01470588
