0 0.04957983 0.35917160 0.01680672 0.02248521
2 0.21008403 0.35976331 0.01680672 0.00946746
2 0.24369748 0.30295858 0.00672269 0.02366864
2 0.24201681 0.35976331 0.01680672 0.00946746
0 0.05042017 0.53786982 0.01680672 0.02248521
1 0.31092437 0.32426036 0.01344538 0.02366864
0 0.04957983 0.18284024 0.01680672 0.02248521
2 0.24369748 0.48047337 0.00672269 0.02366864
1 0.37815126 0.32426036 0.01344538 0.02366864
0 0.43655462 0.27810651 0.01596639 0.02366864
2 0.24369748 0.12544379 0.00672269 0.02366864
2 0.21092437 0.53846154 0.01680672 0.00946746
1 0.31092437 0.14792899 0.01344538 0.02366864
1 0.37815126 0.50295858 0.01344538 0.02366864
2 0.21008403 0.18224852 0.00672269 0.02366864
2 0.24201681 0.53846154 0.01680672 0.00946746
1 0.05042017 0.30295858 0.01344538 0.02366864
1 0.31092437 0.50295858 0.01344538 0.02366864
2 0.24201681 0.18224852 0.01680672 0.00946746
1 0.04957983 0.48047337 0.01344538 0.02366864
4 0.11764706 0.13017751 0.05042017 0.08284024
4 0.11764706 0.30769231 0.05042017 0.08284024
4 0.11764706 0.48520710 0.05042017 0.08284024
1 0.05042017 0.12544379 0.01344538 0.02366864
0 0.43655462 0.20710059 0.01596639 0.02366864
1 0.37815126 0.14792899 0.01344538 0.02366864
0 0.43655462 0.56213018 0.01596639 0.02366864
3 0.29411765 0.43905325 0.00840336 0.01183432
1 0.15966387 0.30177515 0.01344538 0.02366864
1 0.15966387 0.47928994 0.01344538 0.02366864
1 0.15966387 0.12426036 0.01344538 0.02366864
1 0.41176471 0.32544379 0.01344538 0.02366864
4 0.34453782 0.45562130 0.03361345 0.02366864
6 0.19327731 0.30295858 0.01176471 0.02366864
6 0.19327731 0.12544379 0.01176471 0.02366864
3 0.05042017 0.25325444 0.00840336 0.01183432
3 0.29411765 0.08402367 0.00840336 0.01183432
4 0.17647059 0.65088757 0.01680672 0.03550296
3 0.05042017 0.43076923 0.00840336 0.01183432
4 0.34453782 0.10059172 0.03361345 0.02366864
6 0.19327731 0.48047337 0.01176471 0.02366864
1 0.41176471 0.14792899 0.01344538 0.02366864
1 0.41176471 0.50295858 0.01344538 0.02366864
4 0.34453782 0.38284024 0.03697479 0.03431953
1 0.27731092 0.32544379 0.01344538 0.02366864
3 0.05042017 0.07573964 0.00840336 0.01183432
4 0.26890756 0.65088757 0.01680672 0.03550296
1 0.27731092 0.14792899 0.01344538 0.02366864
3 0.43025210 0.45562130 0.00840336 0.01183432
1 0.27731092 0.50295858 0.01344538 0.02366864
3 0.43109244 0.10059172 0.00840336 0.01183432
4 0.40336134 0.65680473 0.01680672 0.04733728
3 0.08151261 0.64497041 0.00840336 0.01183432
1 0.12605042 0.66863905 0.01344538 0.02366864
3 0.29411765 0.38816568 0.00840336 0.01183432
11 0.21848739 0.27810651 0.02857143 0.00710059
3 0.43109244 0.38343195 0.00840336 0.01183432
11 0.21848739 0.45562130 0.02857143 0.00710059
0 0.15966387 0.71775148 0.01680672 0.02248521
11 0.21848739 0.10059172 0.02857143 0.00710059
0 0.24369748 0.68106509 0.01680672 0.02248521
1 0.09243697 0.66745562 0.01344538 0.02366864
0 0.34327731 0.65680473 0.01596639 0.02366864
3 0.38151261 0.66153846 0.00840336 0.01183432
3 0.24705882 0.63905325 0.00840336 0.01183432
3 0.38151261 0.63786982 0.00840336 0.01183432
