4 0.55378151 0.32544379 0.06554622 0.05917160
2 0.66806723 0.34201183 0.00672269 0.02366864
2 0.29411765 0.33017751 0.00672269 0.02366864
1 0.66806723 0.27100592 0.01344538 0.02366864
1 0.71008403 0.27100592 0.01344538 0.02366864
1 0.75210084 0.27100592 0.01344538 0.02366864
5 0.24033613 0.60355030 0.00840336 0.03550296
5 0.16806723 0.60355030 0.00840336 0.03550296
1 0.62184874 0.27100592 0.01344538 0.02366864
1 0.66806723 0.38934911 0.01344538 0.02366864
1 0.70924370 0.34437870 0.01344538 0.02366864
4 0.33193277 0.50887574 0.02521008 0.02366864
4 0.18487395 0.50887574 0.02521008 0.02366864
4 0.25630252 0.50887574 0.02521008 0.02366864
1 0.33949580 0.33136095 0.01344538 0.02366864
0 0.82058824 0.29467456 0.01596639 0.02366864
1 0.29411765 0.37751479 0.01344538 0.02366864
0 0.29411765 0.43846154 0.01680672 0.02248521
0 0.55462185 0.22307692 0.01680672 0.02248521
7 0.45714286 0.35029586 0.01680672 0.01656805
5 0.75210084 0.31834320 0.02521008 0.01183432
15 0.44747899 0.52189349 0.01932773 0.02366864
15 0.44747899 0.62840237 0.01932773 0.02366864
7 0.43193277 0.35621302 0.01176471 0.02366864
15 0.44747899 0.55739645 0.01932773 0.02366864
7 0.37647059 0.35621302 0.01176471 0.02366864
10 0.63403361 0.43727811 0.04285714 0.01775148
7 0.40336134 0.35384615 0.01176471 0.02366864
15 0.44747899 0.59289941 0.01932773 0.02366864
5 0.21092437 0.30650888 0.02521008 0.01183432
12 0.87142857 0.24733728 0.02521008 0.01183432
11 0.80672269 0.24615385 0.02857143 0.00710059
11 0.63361345 0.31597633 0.02857143 0.00710059
12 0.31596639 0.59881657 0.00840336 0.03550296
2 0.61344538 0.63786982 0.00672269 0.02366864
0 0.42394958 0.50769231 0.01596639 0.02366864
0 0.42394958 0.57869822 0.01596639 0.02366864
2 0.78991597 0.63786982 0.00672269 0.02366864
3 0.61344538 0.60236686 0.00840336 0.01183432
3 0.78991597 0.60236686 0.00840336 0.01183432
0 0.42478992 0.54437870 0.01596639 0.02366864
0 0.42394958 0.61538462 0.01596639 0.02366864
10 0.65924370 0.68520710 0.04285714 0.01656805
10 0.83571429 0.68461538 0.04285714 0.01775148
0 0.34873950 0.56863905 0.01680672 0.02248521
0 0.27310924 0.56863905 0.01680672 0.02248521
0 0.20168067 0.56863905 0.01680672 0.02248521
0 0.70210084 0.69704142 0.01596639 0.02366864
0 0.87857143 0.69704142 0.01596639 0.02366864
