4 0.32689076 0.37869822 0.09915966 0.42603550
4 0.21428571 0.69230769 0.01680672 0.03550296
0 0.15840336 0.27100592 0.01596639 0.02366864
2 0.21848739 0.22366864 0.01680672 0.00946746
0 0.49201681 0.23550296 0.01596639 0.02366864
0 0.17521008 0.36568047 0.01596639 0.02366864
0 0.50378151 0.46035503 0.01596639 0.02366864
0 0.17521008 0.57869822 0.01596639 0.02366864
0 0.50378151 0.37988166 0.01596639 0.02366864
1 0.47899160 0.35266272 0.01344538 0.02366864
10 0.33151261 0.68816568 0.02268908 0.01538462
1 0.41176471 0.43431953 0.01344538 0.02366864
0 0.41974790 0.29467456 0.01596639 0.02366864
5 0.21764706 0.47337278 0.02521008 0.01183432
1 0.44453782 0.43431953 0.01344538 0.02366864
1 0.22184874 0.34082840 0.01344538 0.02366864
5 0.21428571 0.38934911 0.02521008 0.01183432
1 0.45378151 0.35147929 0.01344538 0.02366864
1 0.20504202 0.33964497 0.01344538 0.02366864
5 0.27815126 0.69230769 0.02521008 0.01183432
1 0.21848739 0.20000000 0.01680672 0.01893491
1 0.45714286 0.21065089 0.01344538 0.02366864
1 0.21764706 0.27100592 0.01680672 0.01893491
1 0.45714286 0.50769231 0.01680672 0.01893491
1 0.21848739 0.24733728 0.01680672 0.01893491
11 0.42857143 0.18816568 0.02857143 0.00710059
11 0.42352941 0.33017751 0.02857143 0.00710059
1 0.21764706 0.17633136 0.01680672 0.01893491
3 0.50420168 0.14911243 0.00840336 0.01183432
3 0.23613445 0.49585799 0.00840336 0.01183432
3 0.17731092 0.31834320 0.00840336 0.01183432
3 0.47142857 0.40591716 0.00840336 0.01183432
3 0.41428571 0.27100592 0.00840336 0.01183432
3 0.48739496 0.30295858 0.00840336 0.01183432
3 0.23865546 0.11360947 0.00840336 0.01183432
3 0.26050420 0.13846154 0.00840336 0.01183432
3 0.41260504 0.20000000 0.00840336 0.01183432
0 0.17983193 0.72248521 0.01680672 0.02248521
0 0.37436975 0.69230769 0.01596639 0.02366864
3 0.40168067 0.47810651 0.00840336 0.01183432
3 0.17983193 0.67218935 0.00840336 0.01183432
3 0.40000000 0.33609467 0.00840336 0.01183432
