4 0.38066724 0.35230024 0.05988024 0.04842615
4 0.40205304 0.23123487 0.03421728 0.02421308
4 0.65440547 0.40072639 0.03421728 0.03631961
1 0.51753636 0.37530266 0.01368691 0.02421308
2 0.47904192 0.38135593 0.01710864 0.00968523
11 0.48075278 0.35108959 0.02908469 0.00726392
1 0.53892216 0.37530266 0.01368691 0.02421308
0 0.40205304 0.27784504 0.01710864 0.02300242
2 0.31650984 0.35108959 0.01710864 0.00968523
1 0.26860565 0.36440678 0.01368691 0.02421308
3 0.18905047 0.34019370 0.00855432 0.01210654
2 0.45680068 0.44794189 0.00684346 0.02421308
1 0.23952096 0.36440678 0.01368691 0.02421308
1 0.44311377 0.32203390 0.01710864 0.01937046
1 0.47904192 0.41162228 0.01710864 0.01937046
1 0.55603080 0.37530266 0.01368691 0.02421308
0 0.43113772 0.50423729 0.01710864 0.02300242
6 0.43113772 0.40556901 0.01197605 0.02421308
3 0.55603080 0.23849879 0.00855432 0.01210654
1 0.20017109 0.36440678 0.01368691 0.02421308
