2 0.47983193 0.56094675 0.00672269 0.02366864
1 0.61848739 0.56686391 0.01344538 0.02366864
2 0.47731092 0.28639053 0.01680672 0.00946746
2 0.47983193 0.63195266 0.00672269 0.02366864
9 0.62563025 0.66686391 0.01428571 0.00828402
0 0.50252101 0.37928994 0.01680672 0.02248521
0 0.65588235 0.66745562 0.01596639 0.02366864
1 0.50252101 0.32307692 0.01344538 0.02366864
9 0.66092437 0.52544379 0.01596639 0.00946746
4 0.24705882 0.32307692 0.05210084 0.08047337
9 0.58529412 0.49763314 0.00588235 0.02248521
1 0.58571429 0.56686391 0.01344538 0.02366864
4 0.82100840 0.25443787 0.05882353 0.02366864
0 0.77310924 0.28224852 0.01680672 0.02248521
0 0.16848739 0.32899408 0.01596639 0.02366864
0 0.86554622 0.28224852 0.01680672 0.02248521
3 0.33697479 0.30532544 0.00840336 0.01183432
3 0.33613445 0.34082840 0.00840336 0.01183432
