4 0.45378151 0.51479290 0.06722689 0.05917160
4 0.45378151 0.62721893 0.06722689 0.05917160
4 0.45798319 0.37278107 0.03361345 0.07100592
4 0.25210084 0.28402367 0.04201681 0.04733728
4 0.24789916 0.46153846 0.04201681 0.04733728
13 0.32647059 0.27100592 0.02436975 0.02366864
13 0.32226891 0.44852071 0.02436975 0.02366864
4 0.68067227 0.12662722 0.09411765 0.04497041
4 0.10042017 0.50887574 0.03277311 0.02366864
4 0.69327731 0.37988166 0.02521008 0.02130178
4 0.10042017 0.17751479 0.03277311 0.02366864
4 0.10042017 0.27810651 0.03277311 0.02366864
4 0.10042017 0.23076923 0.03277311 0.02366864
2 0.39495798 0.35502959 0.01680672 0.00946746
2 0.20168067 0.22366864 0.00672269 0.02366864
2 0.42857143 0.24142012 0.00672269 0.02366864
1 0.49579832 0.28402367 0.01344538 0.02366864
1 0.20000000 0.31952663 0.01344538 0.02366864
2 0.19327731 0.38934911 0.00672269 0.02366864
2 0.54117647 0.47337278 0.00672269 0.02366864
2 0.31848739 0.38934911 0.00672269 0.02366864
1 0.45714286 0.24260355 0.01344538 0.02366864
2 0.32268908 0.21183432 0.00672269 0.02366864
1 0.19159664 0.46745562 0.01344538 0.02366864
2 0.69243697 0.29467456 0.01680672 0.00946746
0 0.19327731 0.56153846 0.01680672 0.02248521
0 0.52563025 0.21183432 0.01596639 0.02366864
