4 0.56302521 0.46745562 0.06722689 0.16568047
4 0.23529412 0.44970414 0.05042017 0.08284024
2 0.30252101 0.38343195 0.00672269 0.02366864
0 0.62983193 0.44970414 0.01596639 0.02366864
0 0.62983193 0.47928994 0.01596639 0.02366864
4 0.84453782 0.46153846 0.01680672 0.03550296
0 0.30168067 0.59940828 0.01680672 0.02248521
10 0.33319328 0.41242604 0.04117647 0.02485207
2 0.47478992 0.47928994 0.01680672 0.00946746
1 0.30168067 0.49112426 0.01344538 0.02366864
0 0.56218487 0.59704142 0.01680672 0.02248521
3 0.30168067 0.34082840 0.00840336 0.01183432
1 0.76890756 0.46035503 0.01344538 0.02366864
0 0.76806723 0.59704142 0.01680672 0.02248521
2 0.47478992 0.51479290 0.01680672 0.00946746
7 0.42184874 0.47100592 0.01680672 0.01656805
7 0.42184874 0.50769231 0.01680672 0.01656805
2 0.73949580 0.55266272 0.01680672 0.00946746
14 0.67605042 0.53076923 0.04789916 0.06035503
2 0.73865546 0.51242604 0.01680672 0.00946746
0 0.27731092 0.50118343 0.01680672 0.02248521
3 0.18235294 0.43076923 0.00840336 0.01183432
0 0.19327731 0.50236686 0.01680672 0.02248521
3 0.18403361 0.46627219 0.00840336 0.01183432
0 0.19327731 0.39467456 0.01680672 0.02248521
