4 0.18448023 0.53679245 0.12005857 0.31132075
7 0.82576867 0.77547170 0.01024890 0.03773585
2 0.88140556 0.28867925 0.00585652 0.03773585
5 0.08638360 0.62264151 0.02196193 0.01886792
2 0.89385066 0.28679245 0.00585652 0.03773585
5 0.28330893 0.63018868 0.02196193 0.01886792
5 0.28330893 0.60377358 0.02196193 0.01886792
5 0.08638360 0.43962264 0.02196193 0.01886792
5 0.08565154 0.49056604 0.02196193 0.01886792
0 0.89311859 0.39905660 0.01464129 0.03584906
5 0.08565154 0.54339623 0.02196193 0.01886792
5 0.28257687 0.50000000 0.02196193 0.01886792
5 0.08565154 0.51698113 0.02196193 0.01886792
5 0.08565154 0.56981132 0.02196193 0.01886792
5 0.08565154 0.46603774 0.02196193 0.01886792
5 0.28330893 0.44905660 0.02196193 0.01886792
5 0.28330893 0.47547170 0.02196193 0.01886792
5 0.08565154 0.59622642 0.02196193 0.01886792
6 0.53587116 0.71698113 0.01464129 0.02641509
0 0.82430454 0.94433962 0.01464129 0.03584906
5 0.47510981 0.33584906 0.02196193 0.01886792
5 0.47364568 0.41886792 0.02196193 0.01886792
2 0.82357247 0.85660377 0.00585652 0.03773585
2 0.50073206 0.71698113 0.01464129 0.01509434
5 0.21376281 0.74339623 0.02196193 0.01886792
5 0.79355783 0.18679245 0.00732064 0.05660377
5 0.19765739 0.79056604 0.00732064 0.05660377
5 0.17715959 0.79056604 0.00732064 0.05660377
5 0.18740849 0.79056604 0.00732064 0.05660377
5 0.56881406 0.41886792 0.02196193 0.01886792
5 0.13982430 0.74339623 0.02196193 0.01886792
5 0.20717423 0.78867925 0.00732064 0.05660377
5 0.15739385 0.79056604 0.00732064 0.05660377
5 0.12518302 0.74339623 0.02196193 0.01886792
5 0.14714495 0.28113208 0.00732064 0.05660377
5 0.20790630 0.28301887 0.00732064 0.05660377
5 0.47437775 0.50943396 0.02196193 0.01886792
5 0.18740849 0.28113208 0.00732064 0.05660377
5 0.16764275 0.28301887 0.00732064 0.05660377
5 0.17789165 0.28113208 0.00732064 0.05660377
5 0.56881406 0.33773585 0.02196193 0.01886792
5 0.15739385 0.28113208 0.00732064 0.05660377
5 0.56734993 0.50943396 0.02196193 0.01886792
0 0.11603221 0.33584906 0.01390922 0.03773585
5 0.58418741 0.71698113 0.02196193 0.01886792
1 0.79428990 0.28679245 0.01171303 0.03773585
5 0.19765739 0.28301887 0.00732064 0.05660377
5 0.44729136 0.71698113 0.02196193 0.01886792
5 0.89385066 0.16226415 0.00732064 0.05660377
1 0.82137628 0.28679245 0.01171303 0.03773585
1 0.51830161 0.50943396 0.01464129 0.03018868
1 0.51830161 0.33584906 0.01464129 0.03018868
1 0.51830161 0.41886792 0.01464129 0.03018868
1 0.76720351 0.28867925 0.01171303 0.03773585
0 0.82137628 0.35754717 0.01464129 0.03584906
5 0.76647145 0.18490566 0.00732064 0.05660377
0 0.79428990 0.35566038 0.01464129 0.03584906
5 0.82357247 0.64716981 0.00732064 0.05660377
5 0.81991215 0.18490566 0.00732064 0.05660377
0 0.76720351 0.35754717 0.01464129 0.03584906
