4 0.15397776 0.21004843 0.05988024 0.07869249
4 0.56458512 0.27663438 0.05988024 0.07869249
4 0.16680924 0.74576271 0.05132592 0.04842615
2 0.06330197 0.20460048 0.00684346 0.02421308
2 0.06415740 0.15012107 0.00684346 0.02421308
1 0.06330197 0.27845036 0.01368691 0.02421308
0 0.06586826 0.35774818 0.01710864 0.02300242
0 0.57827203 0.43644068 0.01710864 0.02300242
2 0.25662960 0.41646489 0.01710864 0.00968523
0 0.16766467 0.35774818 0.01710864 0.02300242
2 0.29426861 0.27239709 0.01710864 0.00968523
0 0.30795552 0.50907990 0.01710864 0.02300242
7 0.30367836 0.44794189 0.01197605 0.02421308
1 0.57656116 0.36803874 0.01368691 0.02421308
7 0.46193328 0.44673123 0.01197605 0.02421308
1 0.16595381 0.29661017 0.01368691 0.02421308
12 0.37040205 0.27360775 0.02566296 0.01210654
12 0.74165954 0.30266344 0.02566296 0.01210654
7 0.32848589 0.44794189 0.01197605 0.02421308
12 0.65611634 0.16464891 0.02566296 0.01210654
7 0.41916168 0.44794189 0.01197605 0.02421308
7 0.37639008 0.44794189 0.01197605 0.02421308
7 0.35414885 0.44794189 0.01197605 0.02421308
7 0.39692044 0.44794189 0.01197605 0.02421308
7 0.43969204 0.44794189 0.01197605 0.02421308
2 0.08554320 0.71912833 0.00684346 0.02421308
2 0.08554320 0.79661017 0.00684346 0.02421308
2 0.65868263 0.27845036 0.01710864 0.00968523
11 0.24807528 0.69612591 0.02908469 0.00726392
0 0.30581694 0.75665860 0.01625321 0.02421308
0 0.14328486 0.82929782 0.01625321 0.02421308
2 0.21043627 0.79176755 0.00684346 0.02421308
0 0.24593670 0.62469734 0.01625321 0.02421308
1 0.29940120 0.65859564 0.01368691 0.02421308
3 0.16595381 0.09322034 0.00855432 0.01210654
1 0.16595381 0.69491525 0.01710864 0.01937046
1 0.27715997 0.78934625 0.01368691 0.02421308
1 0.27373824 0.65859564 0.01368691 0.02421308
3 0.57656116 0.17796610 0.00855432 0.01210654
1 0.25149701 0.79176755 0.01368691 0.02421308
3 0.08554320 0.66222760 0.00855432 0.01210654
3 0.31822070 0.69733656 0.00855432 0.01210654
3 0.29683490 0.82929782 0.00855432 0.01210654
3 0.20872541 0.86198547 0.00855432 0.01210654
