4 0.38018868 0.43421053 0.08490566 0.28195489
4 0.17452830 0.13909774 0.11132075 0.11278195
4 0.02264151 0.69172932 0.03773585 0.10526316
16 0.65377358 0.47368421 0.05471698 0.07518797
2 0.47169811 0.19924812 0.01509434 0.07518797
2 0.47169811 0.45864662 0.01509434 0.07518797
2 0.65849057 0.25939850 0.01509434 0.07518797
1 0.87547170 0.29323308 0.03018868 0.07518797
13 0.85660377 0.55827068 0.03773585 0.10902256
1 0.23018868 0.29699248 0.03773585 0.06015038
1 0.46981132 0.75939850 0.03018868 0.07518797
1 0.94339623 0.29323308 0.03018868 0.07518797
0 0.47169811 0.91917293 0.03773585 0.07142857
1 0.26792453 0.74436090 0.03018868 0.07518797
2 0.80566038 0.29323308 0.01509434 0.07518797
2 0.56603774 0.47368421 0.03773585 0.03007519
2 0.72830189 0.36090226 0.03773585 0.03007519
18 0.11698113 0.28759398 0.01886792 0.05639098
