28 0.25210084 0.44142012 0.03361345 0.04733728
4 0.50840336 0.39053254 0.12605042 0.29585799
0 0.66386555 0.17100592 0.01680672 0.02248521
4 0.81176471 0.42011834 0.04369748 0.04733728
2 0.59663866 0.10059172 0.01680672 0.00946746
4 0.46218487 0.10059172 0.06722689 0.04733728
0 0.34453782 0.63136095 0.01680672 0.02248521
4 0.63865546 0.10059172 0.01680672 0.04733728
4 0.73949580 0.10059172 0.01680672 0.04733728
2 0.69747899 0.10059172 0.01680672 0.00946746
2 0.31932773 0.59644970 0.01680672 0.00946746
2 0.36974790 0.59644970 0.01680672 0.00946746
0 0.15126050 0.64437870 0.01680672 0.02248521
4 0.89075630 0.36686391 0.02016807 0.25798817
4 0.73193277 0.36745562 0.02016807 0.25680473
0 0.79747899 0.52603550 0.01680672 0.02248521
1 0.21008403 0.31360947 0.01344538 0.02366864
18 0.25210084 0.28579882 0.00840336 0.01775148
7 0.27815126 0.60236686 0.01680672 0.01656805
7 0.41008403 0.59053254 0.01680672 0.01656805
1 0.29411765 0.31360947 0.01344538 0.02366864
1 0.21008403 0.47928994 0.01344538 0.02366864
0 0.25210084 0.37218935 0.01680672 0.02248521
1 0.29411765 0.47692308 0.01344538 0.02366864
21 0.34453782 0.08875740 0.01848739 0.01183432
0 0.25210084 0.53668639 0.01680672 0.02248521
6 0.35966387 0.25443787 0.01680672 0.01656805
2 0.36974790 0.11360947 0.00672269 0.02366864
10 0.17647059 0.58106509 0.02521008 0.02603550
0 0.46218487 0.17100592 0.01680672 0.02248521
10 0.12605042 0.58106509 0.02521008 0.02603550
0 0.32563025 0.33609467 0.01596639 0.02366864
1 0.52100840 0.11242604 0.01344538 0.02366864
1 0.37731092 0.37278107 0.01680672 0.01893491
2 0.63109244 0.42011834 0.01680672 0.00946746
1 0.37647059 0.32544379 0.01680672 0.01893491
1 0.39495798 0.11242604 0.01344538 0.02366864
1 0.37647059 0.34911243 0.01680672 0.01893491
1 0.63025210 0.39644970 0.01680672 0.01893491
0 0.68025210 0.25443787 0.01596639 0.02366864
1 0.63025210 0.25207101 0.01680672 0.01893491
1 0.39495798 0.27573964 0.01344538 0.02366864
0 0.68025210 0.39644970 0.01596639 0.02366864
0 0.33655462 0.52662722 0.01596639 0.02366864
1 0.38655462 0.52899408 0.01680672 0.01893491
