2 0.19327731 0.18934911 0.01680672 0.00946746
0 0.12184874 0.95207101 0.01680672 0.02248521
3 0.13781513 0.75976331 0.00840336 0.01183432
2 0.18823529 0.06982249 0.01680672 0.00946746
2 0.19327731 0.23786982 0.01680672 0.00946746
2 0.05882353 0.86982249 0.00672269 0.02366864
2 0.05378151 0.63195266 0.00672269 0.02366864
2 0.36134454 0.34792899 0.01680672 0.00946746
2 0.21008403 0.63195266 0.00672269 0.02366864
0 0.28907563 0.41952663 0.01680672 0.02248521
2 0.21008403 0.54911243 0.00672269 0.02366864
2 0.61680672 0.34792899 0.01680672 0.00946746
2 0.05378151 0.54911243 0.00672269 0.02366864
0 0.05462185 0.70355030 0.01680672 0.02248521
0 0.49579832 0.44792899 0.01680672 0.02248521
3 0.10000000 0.49940828 0.00840336 0.01183432
0 0.21008403 0.70355030 0.01680672 0.02248521
2 0.08823529 0.82721893 0.01680672 0.00946746
1 0.42352941 0.37278107 0.01344538 0.02366864
6 0.13781513 0.81065089 0.01176471 0.02366864
1 0.10084034 0.63195266 0.01344538 0.02366864
6 0.10000000 0.54911243 0.01176471 0.02366864
3 0.05462185 0.49940828 0.00840336 0.01183432
3 0.58823529 0.33136095 0.00840336 0.01183432
3 0.20924370 0.49940828 0.00840336 0.01183432
1 0.25546218 0.63313609 0.01344538 0.02366864
1 0.58823529 0.37278107 0.01344538 0.02366864
4 0.49579832 0.36094675 0.05042017 0.04733728
3 0.25546218 0.49940828 0.00840336 0.01183432
3 0.32352941 0.31715976 0.00840336 0.01183432
2 0.18823529 0.11952663 0.01680672 0.00946746
2 0.45378151 0.53136095 0.00672269 0.02366864
6 0.25546218 0.54911243 0.01176471 0.02366864
1 0.12100840 0.89349112 0.01344538 0.02366864
12 0.18403361 0.83786982 0.02521008 0.01183432
12 0.15042017 0.58934911 0.02521008 0.01183432
4 0.40336134 0.10650888 0.01680672 0.05917160
2 0.84369748 0.51952663 0.00672269 0.02366864
12 0.30588235 0.58934911 0.02521008 0.01183432
4 0.26890756 0.81065089 0.01680672 0.03550296
4 0.26890756 0.87573964 0.01680672 0.03550296
4 0.28991597 0.10059172 0.01680672 0.04733728
9 0.32689076 0.88106509 0.01512605 0.00828402
9 0.76890756 0.23609467 0.01512605 0.00828402
6 0.28907563 0.34792899 0.01680672 0.01656805
9 0.76890756 0.24792899 0.01512605 0.00828402
4 0.10504202 0.10059172 0.07563025 0.08284024
9 0.76890756 0.22426036 0.01512605 0.00828402
9 0.90336134 0.25976331 0.01512605 0.00828402
9 0.76890756 0.21301775 0.01512605 0.00946746
9 0.90336134 0.24792899 0.01512605 0.00828402
9 0.76848739 0.25976331 0.01596639 0.01065089
4 0.10924370 0.21893491 0.07563025 0.08284024
9 0.76890756 0.20059172 0.01512605 0.00828402
3 0.84369748 0.47573964 0.00840336 0.01183432
9 0.76890756 0.18875740 0.01512605 0.00828402
9 0.90336134 0.27159763 0.01512605 0.00828402
3 0.45378151 0.48284024 0.00840336 0.01183432
5 0.05798319 0.75502959 0.00840336 0.03550296
9 0.76890756 0.15325444 0.01512605 0.00828402
0 0.33529412 0.90473373 0.01680672 0.02248521
9 0.76848739 0.27159763 0.01596639 0.01065089
9 0.90336134 0.28343195 0.01512605 0.00828402
15 0.34453782 0.26923077 0.01680672 0.02721893
9 0.90336134 0.23609467 0.01512605 0.00828402
15 0.47899160 0.26923077 0.01680672 0.02721893
1 0.32268908 0.37278107 0.01344538 0.02366864
15 0.43697479 0.27041420 0.01680672 0.02721893
32 0.23529412 0.35562130 0.03361345 0.02721893
15 0.38991597 0.27041420 0.01680672 0.02721893
0 0.45378151 0.69171598 0.01680672 0.02248521
4 0.88235294 0.56213018 0.02521008 0.02366864
9 0.76890756 0.14142012 0.01512605 0.00828402
9 0.76848739 0.28343195 0.01596639 0.01065089
0 0.84369748 0.64437870 0.01680672 0.02248521
9 0.77016807 0.17692308 0.01260504 0.00828402
9 0.76890756 0.12958580 0.01512605 0.00828402
9 0.90336134 0.22426036 0.01512605 0.00828402
9 0.77016807 0.16508876 0.01260504 0.00828402
12 0.53361345 0.60118343 0.02521008 0.01183432
3 0.04621849 0.35029586 0.00840336 0.01183432
9 0.90462185 0.29526627 0.01260504 0.00828402
12 0.73025210 0.57869822 0.02521008 0.01183432
9 0.76848739 0.11775148 0.01428571 0.00828402
9 0.90336134 0.30710059 0.01680672 0.00828402
9 0.90336134 0.21242604 0.01512605 0.00828402
4 0.82016807 0.23076923 0.02352941 0.24852071
9 0.76848739 0.29526627 0.01596639 0.01065089
9 0.90336134 0.20059172 0.01512605 0.00828402
2 0.08739496 0.36686391 0.01680672 0.00946746
1 0.38655462 0.37278107 0.01344538 0.02366864
9 0.90336134 0.33076923 0.01512605 0.00828402
4 0.85294118 0.23076923 0.02521008 0.24852071
9 0.90336134 0.18875740 0.01512605 0.00828402
9 0.90420168 0.31893491 0.01344538 0.00828402
0 0.74285714 0.35562130 0.01680672 0.02248521
9 0.90336134 0.17692308 0.01512605 0.00828402
3 0.62184874 0.50177515 0.00840336 0.01183432
1 0.54957983 0.37278107 0.01344538 0.02366864
9 0.90462185 0.16508876 0.01260504 0.00828402
7 0.14453782 0.36094675 0.01680672 0.01656805
9 0.76848739 0.30710059 0.01596639 0.01065089
4 0.66386555 0.55029586 0.02521008 0.02366864
7 0.61512605 0.41301775 0.01680672 0.01656805
0 0.46218487 0.14733728 0.01680672 0.02248521
1 0.48319328 0.63076923 0.01344538 0.02366864
3 0.46134454 0.09704142 0.00840336 0.01183432
0 0.64201681 0.25857988 0.01680672 0.02248521
12 0.05798319 0.95857988 0.00840336 0.03550296
10 0.56302521 0.21065089 0.02521008 0.03076923
10 0.56302521 0.14556213 0.02689076 0.03076923
0 0.62184874 0.66213018 0.01680672 0.02248521
3 0.74369748 0.30414201 0.00840336 0.01183432
10 0.56260504 0.08639053 0.02605042 0.03076923
3 0.78151261 0.34082840 0.00840336 0.01183432
4 0.35168067 0.08698225 0.01764706 0.02011834
4 0.32983193 0.80295858 0.01764706 0.01775148
6 0.45462185 0.60236686 0.01176471 0.02366864
4 0.35210084 0.11124260 0.01680672 0.01893491
4 0.32731092 0.81656805 0.01764706 0.01656805
2 0.84537815 0.58461538 0.00672269 0.02366864
2 0.62268908 0.57869822 0.00672269 0.02366864
