4 0.92918455 0.61195929 0.03576538 0.15521628
2 0.67238913 0.59287532 0.01144492 0.05089059
2 0.66666667 0.43765903 0.01144492 0.05089059
2 0.51072961 0.63867684 0.01144492 0.05089059
6 0.43633763 0.54707379 0.02002861 0.05089059
2 0.51072961 0.44020356 0.01144492 0.05089059
1 0.57224607 0.62340967 0.02288984 0.05089059
20 0.08655222 0.53053435 0.03290415 0.08396947
1 0.73819742 0.69974555 0.02288984 0.05089059
14 0.16452074 0.22264631 0.09155937 0.15521628
2 0.43204578 0.24173028 0.01144492 0.05089059
1 0.28469242 0.60814249 0.02288984 0.05089059
0 0.08440629 0.85368957 0.02861230 0.04834606
