4 0.49187340 0.28584906 0.08725406 0.25471698
4 0.28058169 0.78396226 0.11633875 0.16037736
2 0.65183918 0.70188679 0.01710864 0.01509434
2 0.47647562 0.73584906 0.01710864 0.01509434
24 0.55945252 0.70377358 0.03421728 0.07547170
7 0.90675791 0.18490566 0.01197605 0.03773585
2 0.69632164 0.23396226 0.00684346 0.03773585
0 0.44824636 0.64811321 0.01710864 0.03584906
2 0.69546621 0.41132075 0.00684346 0.03773585
1 0.68092387 0.76603774 0.01368691 0.03773585
1 0.73909324 0.76603774 0.01368691 0.03773585
1 0.79726262 0.76603774 0.01368691 0.03773585
1 0.76817793 0.17169811 0.01368691 0.03773585
0 0.76817793 0.29528302 0.01710864 0.03584906
2 0.56458512 0.46226415 0.01710864 0.01509434
0 0.69546621 0.52358491 0.01710864 0.03584906
1 0.09067579 0.79622642 0.01368691 0.03773585
2 0.39007699 0.34905660 0.01710864 0.01509434
2 0.91360137 0.29811321 0.00684346 0.03773585
0 0.15055603 0.29528302 0.01710864 0.03584906
6 0.63729683 0.10754717 0.01710864 0.02641509
1 0.39692044 0.79622642 0.01368691 0.03773585
1 0.14970060 0.79622642 0.01368691 0.03773585
1 0.22241232 0.17169811 0.01368691 0.03773585
1 0.85543199 0.76415094 0.01368691 0.03773585
0 0.68092387 0.88773585 0.01710864 0.03584906
1 0.29426861 0.17169811 0.01368691 0.03773585
1 0.15055603 0.17169811 0.01710864 0.03018868
0 0.91189050 0.42169811 0.01710864 0.03584906
0 0.73909324 0.88773585 0.01710864 0.03584906
6 0.11976048 0.10943396 0.01710864 0.02641509
0 0.15055603 0.91981132 0.01710864 0.03584906
0 0.09153122 0.91981132 0.01710864 0.03584906
11 0.52694611 0.10188679 0.02908469 0.01132075
1 0.83319076 0.17358491 0.01368691 0.03773585
0 0.79726262 0.88773585 0.01710864 0.03584906
0 0.39863131 0.91981132 0.01710864 0.03584906
0 0.85543199 0.88773585 0.01710864 0.03584906
1 0.44824636 0.50566038 0.01368691 0.03773585
0 0.56458512 0.88773585 0.01710864 0.03584906
0 0.28058169 0.96886792 0.01710864 0.03584906
1 0.39007699 0.50943396 0.01368691 0.03773585
0 0.58810950 0.28490566 0.01625321 0.03773585
3 0.89905902 0.70188679 0.00855432 0.01886792
3 0.76817793 0.07358491 0.00855432 0.01886792
3 0.37296835 0.46037736 0.00855432 0.01886792
3 0.06330197 0.73584906 0.00855432 0.01886792
3 0.56372968 0.53773585 0.00855432 0.01886792
3 0.39692044 0.70000000 0.00855432 0.01886792
3 0.07698888 0.10943396 0.00855432 0.01886792
