2 0.59159664 0.36568047 0.01680672 0.00946746
2 0.33949580 0.36568047 0.01680672 0.00946746
3 0.10924370 0.54674556 0.00840336 0.01183432
0 0.10924370 0.94615385 0.01680672 0.02248521
3 0.25546218 0.54674556 0.00840336 0.01183432
0 0.06218487 0.70355030 0.01680672 0.02248521
2 0.06218487 0.64970414 0.00672269 0.02366864
0 0.28067227 0.45029586 0.01680672 0.02248521
2 0.06218487 0.58579882 0.00672269 0.02366864
2 0.04621849 0.88165680 0.00672269 0.02366864
3 0.06218487 0.54911243 0.00840336 0.01183432
0 0.47058824 0.47159763 0.01680672 0.02248521
0 0.21008403 0.70355030 0.01680672 0.02248521
6 0.10840336 0.58579882 0.01176471 0.02366864
2 0.21008403 0.58579882 0.00672269 0.02366864
2 0.21008403 0.64970414 0.00672269 0.02366864
1 0.40336134 0.40118343 0.01344538 0.02366864
3 0.20924370 0.54911243 0.00840336 0.01183432
0 0.48739496 0.12485207 0.01680672 0.02248521
2 0.07899160 0.85088757 0.01680672 0.00946746
6 0.28571429 0.36568047 0.01680672 0.01656805
6 0.25546218 0.58579882 0.01176471 0.02366864
4 0.44117647 0.55325444 0.03361345 0.06508876
1 0.10924370 0.64970414 0.01344538 0.02366864
0 0.75966387 0.69644970 0.01680672 0.02248521
3 0.55798319 0.35029586 0.00840336 0.01183432
9 0.69747899 0.15325444 0.01512605 0.00828402
0 0.40672269 0.12485207 0.01680672 0.02248521
4 0.47058824 0.37869822 0.05042017 0.04733728
3 0.31092437 0.35266272 0.00840336 0.01183432
1 0.25630252 0.64970414 0.01344538 0.02366864
9 0.69747899 0.17692308 0.01512605 0.00828402
9 0.69747899 0.21242604 0.01512605 0.00828402
2 0.21008403 0.20118343 0.01680672 0.00946746
9 0.69747899 0.16508876 0.01512605 0.00828402
4 0.65126050 0.56804734 0.02521008 0.03550296
2 0.21008403 0.08284024 0.01680672 0.00946746
9 0.69747899 0.14142012 0.01512605 0.00828402
9 0.69747899 0.20059172 0.01512605 0.00828402
9 0.69747899 0.18816568 0.01512605 0.00946746
0 0.32773109 0.12485207 0.01680672 0.02248521
9 0.69747899 0.12958580 0.01512605 0.00828402
9 0.69747899 0.11775148 0.01512605 0.00828402
4 0.79831933 0.58579882 0.02521008 0.03550296
3 0.13445378 0.79053254 0.00840336 0.01183432
0 0.61260504 0.69053254 0.01680672 0.02248521
9 0.69747899 0.09408284 0.01512605 0.00828402
9 0.69747899 0.22426036 0.01512605 0.00828402
4 0.73529412 0.40236686 0.01680672 0.04733728
4 0.89495798 0.40828402 0.01680672 0.05917160
9 0.69747899 0.10591716 0.01512605 0.00828402
1 0.55798319 0.40118343 0.01344538 0.02366864
9 0.69747899 0.08224852 0.01512605 0.00828402
9 0.69747899 0.23609467 0.01512605 0.00828402
12 0.16302521 0.61301775 0.02521008 0.01183432
12 0.31512605 0.61301775 0.02521008 0.01183432
9 0.69747899 0.07041420 0.01512605 0.00828402
9 0.69747899 0.05857988 0.01512605 0.00828402
9 0.31050420 0.90473373 0.01596639 0.01065089
3 0.35294118 0.58106509 0.00840336 0.01183432
1 0.10924370 0.89940828 0.01344538 0.02366864
12 0.53361345 0.61301775 0.02521008 0.01183432
6 0.13445378 0.83431953 0.01176471 0.02366864
9 0.69747899 0.24733728 0.01512605 0.00946746
4 0.25630252 0.89940828 0.01680672 0.03550296
2 0.21008403 0.24970414 0.01680672 0.00946746
2 0.21008403 0.13136095 0.01680672 0.00946746
4 0.25630252 0.81656805 0.01680672 0.03550296
0 0.44033613 0.69763314 0.01680672 0.02248521
1 0.47058824 0.64260355 0.01344538 0.02366864
3 0.04201681 0.37988166 0.00840336 0.01183432
12 0.20084034 0.86745562 0.02521008 0.01183432
4 0.11344538 0.11242604 0.07563025 0.08284024
4 0.11344538 0.23076923 0.07563025 0.08284024
3 0.61344538 0.53017751 0.00840336 0.01183432
4 0.74789916 0.17159763 0.02016807 0.25798817
12 0.84789916 0.63076923 0.02521008 0.01183432
32 0.23487395 0.37514793 0.04117647 0.03076923
15 0.95798319 0.68934911 0.01680672 0.02721893
15 0.95798319 0.58875740 0.01680672 0.02721893
4 0.80672269 0.42011834 0.01176471 0.03076923
15 0.91092437 0.68934911 0.01680672 0.02721893
15 0.91092437 0.58875740 0.01680672 0.02721893
9 0.82731092 0.21242604 0.01428571 0.00828402
2 0.75966387 0.57396450 0.00672269 0.02366864
9 0.82689076 0.20059172 0.01512605 0.00828402
4 0.80672269 0.38934911 0.01176471 0.03076923
0 0.68403361 0.30118343 0.01680672 0.02248521
9 0.82689076 0.22426036 0.01512605 0.00828402
3 0.75966387 0.53491124 0.00840336 0.01183432
1 0.31092437 0.39644970 0.01344538 0.02366864
12 0.70588235 0.61893491 0.02521008 0.01183432
9 0.82689076 0.18875740 0.01512605 0.00828402
1 0.36134454 0.40710059 0.01344538 0.02366864
4 0.32352941 0.83491124 0.01176471 0.02958580
9 0.82689076 0.17692308 0.01512605 0.00828402
9 0.82689076 0.16508876 0.01512605 0.00828402
7 0.11512605 0.40000000 0.01680672 0.01656805
2 0.39495798 0.59763314 0.01680672 0.00946746
4 0.77815126 0.17159763 0.02016807 0.25798817
9 0.82815126 0.23609467 0.01260504 0.00828402
4 0.32352941 0.81005917 0.01176471 0.02958580
9 0.82731092 0.27159763 0.01428571 0.00828402
9 0.82731092 0.15325444 0.01428571 0.00828402
2 0.07563025 0.39644970 0.01680672 0.00946746
9 0.82731092 0.24792899 0.01596639 0.00828402
5 0.04537815 0.77396450 0.00840336 0.03550296
9 0.82689076 0.14142012 0.01512605 0.00828402
9 0.82731092 0.11775148 0.01428571 0.00828402
9 0.82857143 0.25976331 0.01344538 0.00828402
9 0.82689076 0.12958580 0.01512605 0.00828402
7 0.59327731 0.43905325 0.01680672 0.01656805
1 0.52941176 0.40118343 0.01344538 0.02366864
9 0.82857143 0.10591716 0.01176471 0.00828402
12 0.04537815 0.95739645 0.00840336 0.03550296
10 0.34453782 0.07869822 0.02521008 0.02485207
10 0.42436975 0.07869822 0.02521008 0.02485207
10 0.50420168 0.07869822 0.02521008 0.02485207
0 0.32773109 0.93313609 0.01680672 0.02248521
0 0.92857143 0.45976331 0.01680672 0.02248521
2 0.61428571 0.62011834 0.00672269 0.02366864
2 0.76134454 0.63195266 0.00672269 0.02366864
