4 0.45882353 0.47810651 0.07731092 0.12781065
4 0.18067227 0.22485207 0.05042017 0.08284024
2 0.27310924 0.37751479 0.00672269 0.02366864
0 0.47899160 0.59704142 0.01680672 0.02248521
2 0.27226891 0.46153846 0.00672269 0.02366864
2 0.23109244 0.41301775 0.00672269 0.02366864
2 0.23025210 0.56686391 0.00672269 0.02366864
0 0.42352941 0.59704142 0.01680672 0.02248521
0 0.23025210 0.62662722 0.01680672 0.02248521
2 0.23025210 0.36804734 0.00672269 0.02366864
0 0.43193277 0.36627219 0.01680672 0.02248521
2 0.23109244 0.46035503 0.00672269 0.02366864
0 0.55462185 0.49171598 0.01680672 0.02248521
2 0.25966387 0.66863905 0.01680672 0.00946746
0 0.11260504 0.14260355 0.01680672 0.02248521
0 0.10084034 0.30000000 0.01680672 0.02248521
13 0.79201681 0.28284024 0.02436975 0.02366864
2 0.74285714 0.31360947 0.00672269 0.02366864
0 0.17226891 0.43609467 0.01680672 0.02248521
1 0.63025210 0.38461538 0.01344538 0.02366864
1 0.43193277 0.31360947 0.01344538 0.02366864
0 0.15546218 0.70946746 0.01680672 0.02248521
0 0.70924370 0.60887574 0.01680672 0.02248521
7 0.29663866 0.67337278 0.01680672 0.01656805
2 0.73529412 0.41420118 0.01680672 0.00946746
2 0.15546218 0.66272189 0.00672269 0.02366864
4 0.85546218 0.12958580 0.01512605 0.02011834
0 0.34453782 0.45384615 0.01680672 0.02248521
0 0.18067227 0.30000000 0.01680672 0.02248521
0 0.74285714 0.37810651 0.01680672 0.02248521
2 0.15462185 0.61420118 0.00672269 0.02366864
1 0.66806723 0.56923077 0.01344538 0.02366864
7 0.70756303 0.28875740 0.01680672 0.01656805
2 0.63865546 0.57869822 0.00672269 0.02366864
0 0.77310924 0.51893491 0.01680672 0.02248521
7 0.29243697 0.50059172 0.01680672 0.01656805
0 0.66722689 0.72011834 0.01680672 0.02248521
6 0.34453782 0.26035503 0.01680672 0.01656805
10 0.13613445 0.30473373 0.03025210 0.03431953
2 0.15462185 0.56804734 0.00672269 0.02366864
1 0.78991597 0.44970414 0.01344538 0.02366864
0 0.63865546 0.72011834 0.01680672 0.02248521
4 0.85546218 0.18343195 0.01512605 0.02130178
11 0.66386555 0.41420118 0.02857143 0.00710059
0 0.31470588 0.74437870 0.01596639 0.02366864
20 0.83151261 0.44615385 0.01764706 0.03786982
2 0.15462185 0.52071006 0.00672269 0.02366864
0 0.74285714 0.69763314 0.01680672 0.02248521
2 0.74285714 0.57988166 0.00672269 0.02366864
2 0.74285714 0.62721893 0.00672269 0.02366864
2 0.74285714 0.53254438 0.00672269 0.02366864
6 0.76470588 0.21183432 0.01680672 0.01656805
2 0.63697479 0.65680473 0.00672269 0.02366864
2 0.32268908 0.70887574 0.00672269 0.02366864
0 0.81890756 0.12899408 0.01596639 0.02366864
1 0.17142857 0.36804734 0.01344538 0.02366864
