13 0.72983193 0.23076923 0.02436975 0.02366864
4 0.15966387 0.21301775 0.07226891 0.21301775
4 0.15966387 0.62721893 0.07226891 0.21301775
4 0.52941176 0.35502959 0.05042017 0.05917160
4 0.52941176 0.76923077 0.05042017 0.05917160
4 0.84453782 0.75739645 0.03361345 0.15384615
13 0.72983193 0.11124260 0.02436975 0.02366864
4 0.75210084 0.08284024 0.01680672 0.03550296
4 0.65546218 0.70414201 0.06722689 0.05917160
4 0.52521008 0.13609467 0.09243697 0.07100592
4 0.52521008 0.55029586 0.09243697 0.07100592
2 0.92773109 0.33017751 0.01680672 0.00946746
2 0.92773109 0.14082840 0.01680672 0.00946746
0 0.83193277 0.41597633 0.01680672 0.02248521
0 0.83193277 0.22662722 0.01680672 0.02248521
1 0.94453782 0.17633136 0.01344538 0.02366864
1 0.94453782 0.36568047 0.01344538 0.02366864
0 0.89915966 0.30946746 0.01680672 0.02248521
0 0.89915966 0.12011834 0.01680672 0.02248521
0 0.86638655 0.41597633 0.01680672 0.02248521
0 0.86638655 0.22662722 0.01680672 0.02248521
0 0.94621849 0.22662722 0.01680672 0.02248521
0 0.94621849 0.41597633 0.01680672 0.02248521
2 0.41092437 0.26982249 0.00672269 0.02366864
2 0.83193277 0.36568047 0.00672269 0.02366864
2 0.83025210 0.17633136 0.00672269 0.02366864
2 0.41092437 0.68402367 0.00672269 0.02366864
2 0.41092437 0.22366864 0.00672269 0.02366864
24 0.86302521 0.14319527 0.03361345 0.04733728
2 0.41092437 0.63786982 0.00672269 0.02366864
0 0.30252101 0.32011834 0.01680672 0.02248521
24 0.86302521 0.33254438 0.03361345 0.04733728
2 0.24705882 0.28284024 0.00672269 0.02366864
0 0.30252101 0.73431953 0.01680672 0.02248521
2 0.81428571 0.34319527 0.01680672 0.00946746
2 0.24705882 0.69704142 0.00672269 0.02366864
0 0.46218487 0.20650888 0.01680672 0.02248521
0 0.56302521 0.44437870 0.01680672 0.02248521
0 0.49495798 0.29053254 0.01680672 0.02248521
0 0.46218487 0.62071006 0.01680672 0.02248521
1 0.44369748 0.09822485 0.01344538 0.02366864
13 0.41386555 0.56686391 0.02436975 0.02366864
2 0.81428571 0.15384615 0.01680672 0.00946746
13 0.41386555 0.34201183 0.02436975 0.02366864
1 0.45042017 0.39408284 0.01344538 0.02366864
13 0.41386555 0.15266272 0.02436975 0.02366864
13 0.41386555 0.75621302 0.02436975 0.02366864
1 0.41092437 0.09822485 0.01344538 0.02366864
0 0.49495798 0.70473373 0.01680672 0.02248521
1 0.44369748 0.51242604 0.01344538 0.02366864
0 0.56302521 0.85857988 0.01680672 0.02248521
0 0.24873950 0.36745562 0.01680672 0.02248521
0 0.26176471 0.11715976 0.01596639 0.02366864
1 0.31932773 0.27100592 0.01344538 0.02366864
1 0.41092437 0.51242604 0.01344538 0.02366864
1 0.45042017 0.80828402 0.01344538 0.02366864
0 0.24873950 0.78165680 0.01680672 0.02248521
0 0.26344538 0.53136095 0.01596639 0.02366864
1 0.31932773 0.68520710 0.01344538 0.02366864
1 0.30252101 0.68402367 0.01344538 0.02366864
1 0.30252101 0.26982249 0.01344538 0.02366864
1 0.41512605 0.39408284 0.01344538 0.02366864
1 0.07899160 0.31715976 0.01344538 0.02366864
1 0.43193277 0.39408284 0.01344538 0.02366864
0 0.46470588 0.04911243 0.01680672 0.02248521
1 0.42857143 0.09822485 0.01344538 0.02366864
0 0.46470588 0.46331361 0.01680672 0.02248521
1 0.41512605 0.80828402 0.01344538 0.02366864
1 0.42857143 0.51242604 0.01344538 0.02366864
1 0.24705882 0.32307692 0.01344538 0.02366864
0 0.26176471 0.62603550 0.01596639 0.02366864
1 0.43193277 0.80828402 0.01344538 0.02366864
1 0.09663866 0.31597633 0.01344538 0.02366864
0 0.26176471 0.21183432 0.01596639 0.02366864
1 0.07899160 0.73136095 0.01344538 0.02366864
0 0.04411765 0.34201183 0.01596639 0.02366864
0 0.22478992 0.29467456 0.01596639 0.02366864
0 0.04411765 0.75621302 0.01596639 0.02366864
0 0.22478992 0.70887574 0.01596639 0.02366864
1 0.09663866 0.73017751 0.01344538 0.02366864
1 0.24705882 0.73727811 0.01344538 0.02366864
16 0.71806723 0.33017751 0.02436975 0.02366864
1 0.28067227 0.68402367 0.01344538 0.02366864
1 0.28067227 0.26982249 0.01344538 0.02366864
1 0.06218487 0.31715976 0.01344538 0.02366864
1 0.06218487 0.73136095 0.01344538 0.02366864
0 0.09537815 0.27337278 0.01596639 0.02366864
1 0.88235294 0.09349112 0.01680672 0.01893491
1 0.42857143 0.29349112 0.01680672 0.01893491
1 0.88235294 0.28284024 0.01680672 0.01893491
0 0.09537815 0.68757396 0.01596639 0.02366864
1 0.42857143 0.70769231 0.01680672 0.01893491
1 0.42689076 0.20000000 0.01680672 0.01893491
1 0.42689076 0.61420118 0.01680672 0.01893491
0 0.65546218 0.63491124 0.01680672 0.02248521
0 0.71176471 0.83609467 0.01680672 0.02248521
1 0.42689076 0.17633136 0.01680672 0.01893491
1 0.42857143 0.31834320 0.01680672 0.01893491
1 0.42857143 0.73254438 0.01680672 0.01893491
0 0.60714286 0.15029586 0.01596639 0.02366864
1 0.42689076 0.59053254 0.01680672 0.01893491
0 0.60714286 0.56449704 0.01596639 0.02366864
1 0.67983193 0.77988166 0.01680672 0.01893491
1 0.22689076 0.22603550 0.01680672 0.01893491
11 0.26554622 0.24497041 0.02857143 0.00710059
1 0.67983193 0.75621302 0.01680672 0.01893491
1 0.22689076 0.64023669 0.01680672 0.01893491
11 0.26554622 0.65917160 0.02857143 0.00710059
1 0.68739496 0.62603550 0.01680672 0.01893491
6 0.68067227 0.80473373 0.01680672 0.01656805
1 0.68823529 0.64970414 0.01680672 0.01893491
3 0.25462185 0.18816568 0.00840336 0.01183432
3 0.25462185 0.60236686 0.00840336 0.01183432
2 0.70084034 0.13491124 0.00672269 0.02366864
3 0.05546218 0.28875740 0.00840336 0.01183432
0 0.72689076 0.18520710 0.01680672 0.02248521
3 0.05546218 0.70295858 0.00840336 0.01183432
2 0.68403361 0.11242604 0.01680672 0.00946746
0 0.72689076 0.39822485 0.01680672 0.02248521
3 0.85294118 0.28284024 0.00840336 0.01183432
3 0.85294118 0.09349112 0.00840336 0.01183432
3 0.67226891 0.61065089 0.00840336 0.01183432
2 0.70924370 0.25443787 0.00672269 0.02366864
3 0.66386555 0.83786982 0.00840336 0.01183432
3 0.71596639 0.07573964 0.00840336 0.01183432
3 0.68319328 0.23076923 0.00840336 0.01183432
2 0.70084034 0.32307692 0.01680672 0.00946746
