32 0.29582090 0.67647059 0.02686567 0.02016807
4 0.30746269 0.30252101 0.11940299 0.16806723
4 0.49313433 0.66386555 0.04059701 0.11764706
4 0.81134328 0.46638655 0.04656716 0.10924370
4 0.17164179 0.66386555 0.04477612 0.05882353
4 0.81253731 0.65546218 0.04656716 0.10924370
4 0.69253731 0.38655462 0.02388060 0.04201681
4 0.81194030 0.31932773 0.03582090 0.05882353
4 0.08358209 0.68067227 0.01194030 0.02521008
4 0.23880597 0.63865546 0.01194030 0.02521008
4 0.11313433 0.68151261 0.01611940 0.02521008
4 0.23880597 0.67647059 0.01194030 0.02521008
2 0.34328358 0.10420168 0.00477612 0.01680672
2 0.30686567 0.09159664 0.00477612 0.01680672
2 0.40238806 0.20840336 0.00477612 0.01680672
2 0.51343284 0.32268908 0.00477612 0.01680672
0 0.77014925 0.37941176 0.01194030 0.01596639
0 0.72238806 0.24411765 0.01194030 0.01596639
0 0.42985075 0.23571429 0.01194030 0.01596639
0 0.72238806 0.50042017 0.01194030 0.01596639
0 0.40238806 0.14831933 0.01194030 0.01596639
0 0.31880597 0.50882353 0.01194030 0.01596639
0 0.84238806 0.29957983 0.01194030 0.01596639
0 0.51343284 0.40042017 0.01194030 0.01596639
1 0.30746269 0.13361345 0.00955224 0.01680672
1 0.72238806 0.46386555 0.00955224 0.01680672
2 0.63820896 0.43613445 0.01194030 0.00672269
0 0.30686567 0.04831933 0.01194030 0.01596639
0 0.49791045 0.40042017 0.01194030 0.01596639
0 0.47761194 0.23991597 0.01194030 0.01596639
0 0.15671642 0.26806723 0.01134328 0.01680672
0 0.81194030 0.37184874 0.01194030 0.01596639
6 0.47701493 0.19663866 0.00835821 0.01680672
0 0.62089552 0.38781513 0.01194030 0.01596639
1 0.42985075 0.19663866 0.00955224 0.01680672
1 0.72238806 0.28067227 0.00955224 0.01680672
1 0.51343284 0.36806723 0.00955224 0.01680672
2 0.63820896 0.30252101 0.01194030 0.00672269
0 0.48119403 0.35252101 0.01194030 0.01596639
1 0.28895522 0.11260504 0.00955224 0.01680672
1 0.34328358 0.46890756 0.00955224 0.01680672
6 0.49791045 0.36806723 0.00835821 0.01680672
1 0.63880597 0.41848739 0.01194030 0.01344538
0 0.25910448 0.14075630 0.01194030 0.01596639
1 0.31880597 0.46890756 0.00955224 0.01680672
1 0.53134328 0.19663866 0.00955224 0.01680672
1 0.59104478 0.40756303 0.00955224 0.01680672
1 0.59104478 0.33109244 0.00955224 0.01680672
0 0.34268657 0.04579832 0.01194030 0.01596639
1 0.49850746 0.32184874 0.00955224 0.01680672
0 0.81194030 0.55168067 0.01194030 0.01596639
1 0.57313433 0.33109244 0.00955224 0.01680672
1 0.57313433 0.40672269 0.00955224 0.01680672
7 0.14507463 0.52941176 0.01194030 0.01176471
7 0.14507463 0.48739496 0.01194030 0.01176471
1 0.55164179 0.19579832 0.00955224 0.01680672
1 0.60895522 0.33109244 0.00955224 0.01680672
1 0.50388060 0.19663866 0.00955224 0.01680672
1 0.60835821 0.40840336 0.00955224 0.01680672
7 0.14567164 0.45042017 0.01194030 0.01176471
2 0.11940299 0.49075630 0.01194030 0.00672269
1 0.18507463 0.26806723 0.01194030 0.01344538
1 0.18507463 0.25126050 0.01194030 0.01344538
1 0.63820896 0.31932773 0.01194030 0.01344538
11 0.53731343 0.30084034 0.02029851 0.00504202
0 0.27701493 0.66008403 0.01194030 0.01596639
13 0.46119403 0.28319328 0.01731343 0.01680672
2 0.11940299 0.45378151 0.01194030 0.00672269
10 0.11940299 0.64033613 0.02268657 0.01176471
0 0.27701493 0.70462185 0.01194030 0.01596639
9 0.74597015 0.63403361 0.01134328 0.00756303
0 0.29492537 0.69117647 0.01194030 0.01596639
0 0.72238806 0.68613445 0.01194030 0.01596639
13 0.46119403 0.32016807 0.01731343 0.01680672
0 0.56119403 0.71974790 0.01194030 0.01596639
0 0.14328358 0.52394958 0.01194030 0.01596639
0 0.14328358 0.56260504 0.01194030 0.01596639
0 0.14328358 0.48193277 0.01194030 0.01596639
1 0.72238806 0.65042017 0.00955224 0.01680672
1 0.65074627 0.66302521 0.00955224 0.01680672
3 0.55164179 0.16050420 0.00597015 0.00840336
3 0.27701493 0.61932773 0.00597015 0.00840336
0 0.20537313 0.70462185 0.01194030 0.01596639
1 0.41194030 0.71512605 0.00955224 0.01680672
1 0.61492537 0.66386555 0.00955224 0.01680672
2 0.68000000 0.63361345 0.01194030 0.00672269
1 0.63283582 0.66386555 0.00955224 0.01680672
1 0.42268657 0.68067227 0.01194030 0.01344538
0 0.54328358 0.76176471 0.01194030 0.01596639
0 0.81194030 0.74075630 0.01194030 0.01596639
9 0.55791045 0.36890756 0.00656716 0.01512605
0 0.81194030 0.56176471 0.01194030 0.01596639
1 0.68059701 0.65462185 0.01194030 0.01344538
0 0.46567164 0.56176471 0.01194030 0.01596639
2 0.52537313 0.72605042 0.00477612 0.01680672
1 0.43223881 0.71512605 0.00955224 0.01680672
11 0.58746269 0.63361345 0.02029851 0.00504202
2 0.56119403 0.65378151 0.00477612 0.01680672
2 0.11940299 0.53277311 0.01194030 0.00672269
1 0.42268657 0.66386555 0.01194030 0.01344538
1 0.56119403 0.68403361 0.00955224 0.01680672
0 0.43223881 0.76092437 0.01194030 0.01596639
0 0.37283582 0.66386555 0.01134328 0.01680672
0 0.61492537 0.71554622 0.01194030 0.01596639
1 0.54208955 0.72521008 0.00955224 0.01680672
3 0.39104478 0.68823529 0.00597015 0.00840336
1 0.54328358 0.65042017 0.00955224 0.01680672
1 0.39044776 0.71512605 0.00955224 0.01680672
