4 0.24369748 0.23076923 0.12605042 0.18934911
4 0.14705882 0.54437870 0.05042017 0.08284024
13 0.32268908 0.65857988 0.01680672 0.03431953
2 0.24705882 0.75029586 0.00672269 0.02366864
0 0.24789916 0.79940828 0.01680672 0.02248521
13 0.24705882 0.65621302 0.01680672 0.03431953
0 0.10798319 0.31360947 0.01596639 0.02366864
2 0.27226891 0.69230769 0.00672269 0.02366864
2 0.12100840 0.69230769 0.00672269 0.02366864
0 0.35294118 0.32485207 0.01680672 0.02248521
1 0.27310924 0.74556213 0.01344538 0.02366864
0 0.10462185 0.25443787 0.01596639 0.02366864
2 0.34789916 0.69230769 0.00672269 0.02366864
2 0.13445378 0.17633136 0.00672269 0.02366864
7 0.13109244 0.12426036 0.01176471 0.02366864
2 0.22689076 0.69230769 0.00672269 0.02366864
2 0.14789916 0.72071006 0.01680672 0.00946746
2 0.14621849 0.28284024 0.01680672 0.00946746
2 0.38655462 0.21893491 0.00672269 0.02366864
0 0.27394958 0.80532544 0.01680672 0.02248521
1 0.29747899 0.72071006 0.01344538 0.02366864
1 0.26386555 0.44260355 0.01344538 0.02366864
0 0.22184874 0.05266272 0.01680672 0.02248521
0 0.13445378 0.07988166 0.01680672 0.02248521
0 0.30210084 0.46627219 0.01596639 0.02366864
1 0.38571429 0.27100592 0.01344538 0.02366864
1 0.21344538 0.44260355 0.01344538 0.02366864
0 0.12268908 0.80532544 0.01680672 0.02248521
6 0.12100840 0.75029586 0.01176471 0.02366864
2 0.23529412 0.41301775 0.01680672 0.00946746
2 0.14789916 0.23550296 0.01680672 0.00946746
11 0.29411765 0.41183432 0.02857143 0.00710059
0 0.20504202 0.08698225 0.01680672 0.02248521
1 0.37310924 0.68994083 0.01344538 0.02366864
2 0.15042017 0.24852071 0.01680672 0.00946746
16 0.18781513 0.69230769 0.02436975 0.02366864
1 0.35294118 0.24260355 0.01344538 0.02366864
1 0.36974790 0.24260355 0.01344538 0.02366864
1 0.33613445 0.24142012 0.01344538 0.02366864
1 0.20504202 0.69112426 0.01344538 0.02366864
0 0.17983193 0.95562130 0.01680672 0.02248521
10 0.14663866 0.31005917 0.02268908 0.00710059
0 0.25630252 0.95562130 0.01680672 0.02248521
0 0.10504202 0.56863905 0.01680672 0.02248521
1 0.17983193 0.91242604 0.01344538 0.02366864
1 0.25546218 0.91242604 0.01344538 0.02366864
10 0.21806723 0.88402367 0.02605042 0.01183432
0 0.26512605 0.57278107 0.01596639 0.02366864
0 0.26512605 0.51360947 0.01596639 0.02366864
