0 0.32773109 0.38875740 0.01680672 0.02248521
0 0.24369748 0.30118343 0.01680672 0.02248521
0 0.50420168 0.07751479 0.01680672 0.02248521
1 0.46638655 0.17633136 0.01344538 0.02366864
0 0.40672269 0.31301775 0.01680672 0.02248521
1 0.50420168 0.17633136 0.01344538 0.02366864
2 0.58739496 0.50769231 0.00672269 0.02366864
2 0.41176471 0.46508876 0.01680672 0.00946746
1 0.42352941 0.21183432 0.01344538 0.02366864
2 0.62521008 0.50769231 0.00672269 0.02366864
0 0.43697479 0.56627219 0.01680672 0.02248521
4 0.25630252 0.17751479 0.07563025 0.15384615
0 0.19033613 0.12426036 0.01596639 0.02366864
2 0.28487395 0.43668639 0.01680672 0.00946746
0 0.32226891 0.12426036 0.01596639 0.02366864
2 0.58823529 0.57278107 0.00672269 0.02366864
1 0.53277311 0.50769231 0.01344538 0.02366864
0 0.66722689 0.57218935 0.01680672 0.02248521
0 0.24705882 0.55443787 0.01680672 0.02248521
0 0.62521008 0.57218935 0.01680672 0.02248521
4 0.72689076 0.17751479 0.05882353 0.10650888
1 0.56638655 0.50769231 0.01344538 0.02366864
1 0.49915966 0.50769231 0.01344538 0.02366864
1 0.70084034 0.50769231 0.01344538 0.02366864
2 0.76806723 0.47810651 0.01680672 0.00946746
1 0.41512605 0.50769231 0.01344538 0.02366864
3 0.40756303 0.12662722 0.00840336 0.01183432
1 0.73865546 0.50769231 0.01344538 0.02366864
4 0.35294118 0.47928994 0.04201681 0.07100592
4 0.46218487 0.11242604 0.05042017 0.03550296
1 0.66722689 0.50769231 0.01344538 0.02366864
3 0.33949580 0.13254438 0.00840336 0.01183432
0 0.58823529 0.62544379 0.01680672 0.02248521
6 0.43613445 0.50769231 0.01176471 0.02366864
0 0.65882353 0.26449704 0.01680672 0.02248521
0 0.68403361 0.35443787 0.01680672 0.02248521
3 0.17647059 0.11124260 0.00840336 0.01183432
0 0.64285714 0.26449704 0.01680672 0.02248521
1 0.24705882 0.49585799 0.01344538 0.02366864
3 0.73949580 0.45798817 0.00840336 0.01183432
2 0.60672269 0.14792899 0.01680672 0.00946746
1 0.28067227 0.49585799 0.01344538 0.02366864
0 0.77815126 0.24674556 0.01680672 0.02248521
3 0.58823529 0.45798817 0.00840336 0.01183432
2 0.80672269 0.19408284 0.01680672 0.00946746
6 0.40672269 0.21301775 0.01176471 0.02366864
4 0.68487395 0.42603550 0.05042017 0.04733728
3 0.51848739 0.11715976 0.00840336 0.01183432
3 0.24705882 0.44497041 0.00840336 0.01183432
3 0.78739496 0.17159763 0.00840336 0.01183432
0 0.84327731 0.19408284 0.01596639 0.02366864
32 0.33235294 0.27041420 0.04117647 0.03195266
5 0.55210084 0.14556213 0.02521008 0.01183432
11 0.46218487 0.47810651 0.02857143 0.00710059
5 0.55294118 0.18106509 0.02521008 0.01183432
5 0.54957983 0.12899408 0.02521008 0.01183432
5 0.55294118 0.16449704 0.02521008 0.01183432
4 0.33613445 0.33727811 0.02521008 0.03550296
6 0.64201681 0.21893491 0.01176471 0.02366864
7 0.79915966 0.51005917 0.01176471 0.02366864
6 0.65882353 0.21893491 0.01176471 0.02366864
21 0.38655462 0.14674556 0.01848739 0.01183432
