4 0.26413043 0.22290076 0.07608696 0.09160305
18 0.17608696 0.15954198 0.01086957 0.02290076
4 0.63152174 0.21221374 0.08695652 0.07633588
4 0.46086957 0.18473282 0.02173913 0.06106870
14 0.82717391 0.22061069 0.08695652 0.08091603
14 0.69402174 0.31297710 0.09021739 0.08549618
4 0.64891304 0.49618321 0.08695652 0.07633588
4 0.15000000 0.52824427 0.02173913 0.04580153
4 0.50543478 0.50534351 0.02173913 0.07633588
1 0.36521739 0.18473282 0.02173913 0.02442748
11 0.20000000 0.29923664 0.00652174 0.05190840
2 0.35217391 0.29770992 0.00869565 0.03053435
0 0.09565217 0.31526718 0.02173913 0.02900763
0 0.43043478 0.23435115 0.02173913 0.02900763
0 0.33913043 0.62977099 0.02173913 0.02900763
3 0.33913043 0.45801527 0.01086957 0.01526718
2 0.33913043 0.50839695 0.00869565 0.03053435
1 0.36521739 0.15419847 0.02173913 0.02442748
2 0.33260870 0.29770992 0.00869565 0.03053435
0 0.47608696 0.56564885 0.02173913 0.02900763
0 0.20000000 0.35954198 0.02173913 0.02900763
0 0.53478261 0.29847328 0.02173913 0.02900763
3 0.58804348 0.48549618 0.01086957 0.01526718
1 0.09565217 0.25190840 0.01739130 0.03053435
7 0.33478261 0.57251908 0.01521739 0.03053435
3 0.47173913 0.50381679 0.01086957 0.01526718
1 0.53478261 0.23358779 0.01739130 0.03053435
3 0.11630435 0.20458015 0.01086957 0.01526718
3 0.32065217 0.21526718 0.01086957 0.01526718
1 0.11739130 0.25190840 0.01739130 0.03053435
3 0.71304348 0.48549618 0.01086957 0.01526718
0 0.68260870 0.39770992 0.02173913 0.02900763
6 0.20978261 0.50381679 0.02173913 0.02137405
0 0.77554348 0.15725191 0.02065217 0.03053435
1 0.75434783 0.21832061 0.02173913 0.02442748
0 0.81739130 0.13816794 0.02173913 0.02900763
3 0.34239130 0.35725191 0.01086957 0.01526718
0 0.25217391 0.61145038 0.02173913 0.02900763
0 0.64891304 0.58091603 0.02173913 0.02900763
2 0.71304348 0.21832061 0.02173913 0.01221374
1 0.60434783 0.31755725 0.02173913 0.02442748
3 0.25326087 0.48549618 0.01086957 0.01526718
1 0.71304348 0.11908397 0.02173913 0.02442748
1 0.54782609 0.18625954 0.02173913 0.02442748
1 0.71195652 0.15725191 0.02173913 0.02442748
1 0.25326087 0.54198473 0.01739130 0.03053435
3 0.68478261 0.09923664 0.01086957 0.01526718
