4 0.25522388 0.44957983 0.07462687 0.17647059
4 0.73731343 0.39915966 0.05970149 0.05042017
4 0.66865672 0.59243697 0.02985075 0.05042017
4 0.77611940 0.12605042 0.01194030 0.04201681
4 0.59701493 0.10504202 0.01194030 0.02521008
0 0.84776119 0.17605042 0.01194030 0.01596639
7 0.84537313 0.09075630 0.00835821 0.01680672
2 0.84776119 0.12605042 0.00477612 0.01680672
3 0.84776119 0.05630252 0.00597015 0.00840336
0 0.72865672 0.12184874 0.01134328 0.01680672
6 0.64477612 0.11764706 0.00835821 0.01680672
2 0.57910448 0.42773109 0.00477612 0.01680672
0 0.64477612 0.15924370 0.01194030 0.01596639
0 0.36208955 0.42689076 0.01134328 0.01680672
0 0.36149254 0.47058824 0.01134328 0.01680672
3 0.75223881 0.09495798 0.00597015 0.00840336
0 0.36208955 0.51260504 0.01134328 0.01680672
10 0.40298507 0.47394958 0.01910448 0.03025210
0 0.15671642 0.42689076 0.01134328 0.01680672
0 0.15731343 0.51176471 0.01134328 0.01680672
0 0.36268657 0.38571429 0.01134328 0.01680672
2 0.57910448 0.36050420 0.00477612 0.01680672
0 0.38208955 0.51890756 0.01194030 0.01596639
1 0.69253731 0.35630252 0.00955224 0.01680672
1 0.80895522 0.41092437 0.00955224 0.01680672
1 0.38208955 0.47394958 0.00955224 0.01680672
3 0.64417910 0.07647059 0.00597015 0.00840336
11 0.64716418 0.33109244 0.02029851 0.00504202
0 0.15671642 0.47058824 0.01134328 0.01680672
1 0.82388060 0.41092437 0.00955224 0.01680672
1 0.84179104 0.41092437 0.00955224 0.01680672
0 0.71641791 0.65084034 0.01194030 0.01596639
2 0.43283582 0.45294118 0.01194030 0.00672269
0 0.15671642 0.39663866 0.01134328 0.01680672
1 0.62925373 0.35210084 0.00955224 0.01680672
0 0.78208955 0.45672269 0.01194030 0.01596639
0 0.62925373 0.66428571 0.01194030 0.01596639
3 0.71641791 0.55714286 0.00597015 0.00840336
3 0.88776119 0.38991597 0.00597015 0.00840336
3 0.57910448 0.30840336 0.00597015 0.00840336
1 0.62089552 0.61344538 0.00955224 0.01680672
1 0.60537313 0.35042017 0.00955224 0.01680672
1 0.71641791 0.60504202 0.00955224 0.01680672
3 0.62089552 0.55714286 0.00597015 0.00840336
0 0.62925373 0.47016807 0.01194030 0.01596639
6 0.66507463 0.35462185 0.00835821 0.01680672
6 0.86208955 0.38991597 0.01194030 0.01176471
3 0.45552239 0.45378151 0.00597015 0.00840336
3 0.33074627 0.34957983 0.00597015 0.00840336
4 0.14626866 0.37394958 0.04776119 0.01680672
