4 0.52016807 0.42011834 0.11596639 0.25325444
4 0.59663866 0.17159763 0.01680672 0.03550296
2 0.68403361 0.46035503 0.01680672 0.00946746
7 0.71764706 0.32544379 0.01680672 0.01656805
7 0.71764706 0.27810651 0.01680672 0.01656805
2 0.68403361 0.36568047 0.01680672 0.00946746
2 0.68403361 0.31834320 0.01680672 0.00946746
2 0.68403361 0.50769231 0.01680672 0.00946746
10 0.29285714 0.38224852 0.04285714 0.03076923
2 0.68403361 0.27100592 0.01680672 0.00946746
2 0.68403361 0.55502959 0.01680672 0.00946746
2 0.68403361 0.41301775 0.01680672 0.00946746
10 0.39873950 0.21065089 0.04453782 0.02840237
2 0.36554622 0.42958580 0.00672269 0.02366864
7 0.71680672 0.37278107 0.01680672 0.01656805
7 0.71764706 0.42011834 0.01680672 0.01656805
7 0.71764706 0.51479290 0.01680672 0.01656805
7 0.71764706 0.56213018 0.01680672 0.01656805
2 0.68403361 0.60236686 0.01680672 0.00946746
7 0.71764706 0.46745562 0.01680672 0.01656805
7 0.71764706 0.60946746 0.01680672 0.01656805
3 0.55462185 0.14911243 0.00840336 0.01183432
0 0.35294118 0.26331361 0.01680672 0.02248521
0 0.23529412 0.56982249 0.01680672 0.02248521
0 0.55462185 0.21124260 0.01680672 0.02248521
0 0.36638655 0.48579882 0.01680672 0.02248521
1 0.36470588 0.37514793 0.01344538 0.02366864
0 0.45210084 0.57455621 0.01680672 0.02248521
18 0.30378151 0.53727811 0.01260504 0.01183432
1 0.27394958 0.56686391 0.01680672 0.01893491
1 0.27731092 0.49940828 0.01680672 0.01893491
3 0.76470588 0.25562130 0.00840336 0.01183432
3 0.36554622 0.33372781 0.00840336 0.01183432
3 0.58823529 0.26745562 0.00840336 0.01183432
