4 0.48319328 0.16568047 0.08403361 0.10650888
28 0.61344538 0.12189349 0.03361345 0.04733728
4 0.54621849 0.55621302 0.05042017 0.05917160
4 0.70588235 0.55621302 0.05042017 0.05917160
4 0.17310924 0.20118343 0.07394958 0.15384615
4 0.36554622 0.55621302 0.05042017 0.05917160
4 0.82773109 0.14201183 0.05882353 0.04733728
4 0.18277311 0.56804734 0.02941176 0.05917160
15 0.08739496 0.85502959 0.01680672 0.02721893
15 0.25546218 0.85502959 0.01680672 0.02721893
15 0.19663866 0.85502959 0.01680672 0.02721893
15 0.14285714 0.85502959 0.01680672 0.02721893
0 0.56596639 0.14792899 0.01596639 0.02366864
3 0.40756303 0.52307692 0.00840336 0.01183432
0 0.40504202 0.59822485 0.01680672 0.02248521
3 0.59159664 0.52307692 0.00840336 0.01183432
0 0.32268908 0.59940828 0.01680672 0.02248521
0 0.50420168 0.59940828 0.01680672 0.02248521
0 0.56344538 0.11124260 0.01596639 0.02366864
0 0.46134454 0.56745562 0.01680672 0.02248521
0 0.64201681 0.56390533 0.01680672 0.02248521
3 0.75126050 0.52307692 0.00840336 0.01183432
1 0.61764706 0.53846154 0.01680672 0.01893491
1 0.78151261 0.53846154 0.01680672 0.01893491
1 0.43697479 0.53846154 0.01680672 0.01893491
0 0.66386555 0.59940828 0.01680672 0.02248521
0 0.59159664 0.59940828 0.01680672 0.02248521
0 0.66344538 0.13609467 0.01596639 0.02366864
3 0.59243697 0.16686391 0.00840336 0.01183432
0 0.75210084 0.59940828 0.01680672 0.02248521
0 0.80588235 0.56390533 0.01680672 0.02248521
0 0.65546218 0.24082840 0.01680672 0.02248521
1 0.67647059 0.18343195 0.01344538 0.02366864
1 0.63361345 0.18343195 0.01344538 0.02366864
0 0.17983193 0.64674556 0.01680672 0.02248521
3 0.26302521 0.54792899 0.00840336 0.01183432
1 0.58319328 0.19644970 0.01344538 0.02366864
0 0.22184874 0.47988166 0.01680672 0.02248521
0 0.58319328 0.24201183 0.01680672 0.02248521
0 0.29411765 0.24437870 0.01680672 0.02248521
1 0.29411765 0.19289941 0.01344538 0.02366864
1 0.22184874 0.52426036 0.01344538 0.02366864
3 0.22521008 0.22485207 0.00840336 0.01183432
0 0.17142857 0.30473373 0.01680672 0.02248521
2 0.88235294 0.16213018 0.00672269 0.02366864
0 0.88235294 0.21360947 0.01680672 0.02248521
2 0.25210084 0.24733728 0.00672269 0.02366864
0 0.25126050 0.29881657 0.01680672 0.02248521
0 0.18823529 0.93550296 0.01680672 0.02248521
0 0.24705882 0.93550296 0.01680672 0.02248521
2 0.10504202 0.11360947 0.00672269 0.02366864
0 0.07983193 0.93550296 0.01680672 0.02248521
3 0.12016807 0.16568047 0.00840336 0.01183432
0 0.10588235 0.06213018 0.01680672 0.02248521
3 0.11932773 0.22485207 0.00840336 0.01183432
0 0.13445378 0.93550296 0.01680672 0.02248521
0 0.23823529 0.14556213 0.01596639 0.02366864
0 0.82352941 0.20295858 0.01680672 0.02248521
3 0.78151261 0.11597633 0.00840336 0.01183432
3 0.87394958 0.11360947 0.00840336 0.01183432
3 0.22521008 0.16568047 0.00840336 0.01183432
3 0.29411765 0.15621302 0.00840336 0.01183432
