4 0.14411765 0.19526627 0.05294118 0.15384615
4 0.49579832 0.66272189 0.05882353 0.05917160
4 0.15546218 0.43786982 0.03361345 0.07100592
4 0.15546218 0.58579882 0.03361345 0.07100592
4 0.56302521 0.61538462 0.02521008 0.02366864
4 0.39495798 0.18875740 0.07899160 0.12662722
4 0.68067227 0.18343195 0.01680672 0.04733728
4 0.15546218 0.73964497 0.03361345 0.03550296
4 0.60504202 0.50887574 0.01680672 0.04733728
2 0.51596639 0.24733728 0.00672269 0.02366864
0 0.27100840 0.15266272 0.01596639 0.02366864
2 0.47394958 0.15266272 0.01680672 0.00946746
0 0.27016807 0.22366864 0.01596639 0.02366864
2 0.47394958 0.22366864 0.01680672 0.00946746
5 0.55714286 0.15266272 0.02521008 0.01183432
5 0.55882353 0.22366864 0.02521008 0.01183432
0 0.18487395 0.31538462 0.01680672 0.02248521
0 0.31638655 0.18816568 0.01596639 0.02366864
0 0.18067227 0.07278107 0.01680672 0.02248521
2 0.23529412 0.15266272 0.01680672 0.00946746
5 0.62100840 0.17041420 0.02521008 0.01183432
5 0.62100840 0.18224852 0.02521008 0.01183432
5 0.41932773 0.64497041 0.02521008 0.01183432
5 0.39915966 0.68047337 0.02521008 0.01183432
2 0.23529412 0.22366864 0.01680672 0.00946746
5 0.62100840 0.19408284 0.02521008 0.01183432
5 0.08655462 0.43668639 0.02521008 0.01183432
5 0.08655462 0.44852071 0.02521008 0.01183432
5 0.08739496 0.42485207 0.02521008 0.01183432
5 0.54621849 0.49585799 0.02521008 0.01183432
5 0.08739496 0.73254438 0.02521008 0.01183432
5 0.22268908 0.43668639 0.02521008 0.01183432
5 0.08739496 0.74437870 0.02521008 0.01183432
5 0.22268908 0.42485207 0.02521008 0.01183432
5 0.08739496 0.46035503 0.02521008 0.01183432
5 0.08655462 0.58461538 0.02521008 0.01183432
5 0.22268908 0.44852071 0.02521008 0.01183432
5 0.08655462 0.59644970 0.02521008 0.01183432
5 0.54537815 0.50769231 0.02521008 0.01183432
5 0.22268908 0.58461538 0.02521008 0.01183432
5 0.08739496 0.57278107 0.02521008 0.01183432
5 0.22268908 0.59644970 0.02521008 0.01183432
5 0.22268908 0.57159763 0.02521008 0.01183432
5 0.22268908 0.46035503 0.02521008 0.01183432
5 0.08739496 0.60946746 0.02521008 0.01183432
5 0.22100840 0.60946746 0.02521008 0.01183432
3 0.47647059 0.18816568 0.00840336 0.01183432
0 0.49579832 0.59585799 0.01680672 0.02248521
0 0.18907563 0.37928994 0.01680672 0.02248521
3 0.12100840 0.38934911 0.00840336 0.01183432
1 0.39915966 0.64497041 0.01344538 0.02366864
2 0.55294118 0.66982249 0.01680672 0.00946746
3 0.38991597 0.67337278 0.00840336 0.01183432
3 0.19579832 0.14082840 0.00840336 0.01183432
3 0.53193277 0.73017751 0.00840336 0.01183432
0 0.55462185 0.54497041 0.01680672 0.02248521
3 0.51680672 0.28639053 0.00840336 0.01183432
0 0.56806723 0.73905325 0.01680672 0.02248521
3 0.19579832 0.24733728 0.00840336 0.01183432
1 0.55126050 0.71597633 0.01680672 0.01893491
0 0.18907563 0.52721893 0.01680672 0.02248521
3 0.11764706 0.53491124 0.00840336 0.01183432
