24 0.13613445 0.60236686 0.03361345 0.04733728
24 0.30420168 0.60355030 0.03361345 0.04733728
2 0.26974790 0.55621302 0.01680672 0.00946746
4 0.13739496 0.17041420 0.05630252 0.15147929
4 0.50000000 0.17159763 0.08403361 0.11834320
3 0.30672269 0.53964497 0.00840336 0.01183432
4 0.50000000 0.41420118 0.06722689 0.07100592
4 0.80252101 0.14201183 0.05042017 0.04733728
2 0.26974790 0.65325444 0.01680672 0.00946746
4 0.22689076 0.36686391 0.05042017 0.05207101
4 0.22689076 0.44970414 0.05042017 0.05207101
0 0.30672269 0.67514793 0.01680672 0.02248521
4 0.88865546 0.45266272 0.04621849 0.38461538
3 0.13865546 0.54201183 0.00840336 0.01183432
0 0.13781513 0.67514793 0.01680672 0.02248521
3 0.75126050 0.06745562 0.00840336 0.01183432
3 0.30672269 0.22366864 0.00840336 0.01183432
1 0.73445378 0.08284024 0.01680672 0.01893491
3 0.30672269 0.11715976 0.00840336 0.01183432
1 0.73445378 0.12899408 0.01680672 0.01893491
3 0.85210084 0.06863905 0.00840336 0.01183432
0 0.07478992 0.28816568 0.01680672 0.02248521
3 0.91176471 0.16804734 0.00840336 0.01183432
7 0.84705882 0.17396450 0.01176471 0.02366864
3 0.65126050 0.06863905 0.00840336 0.01183432
0 0.68109244 0.14082840 0.01596639 0.02366864
2 0.21008403 0.20000000 0.01680672 0.00946746
0 0.92899160 0.14201183 0.01596639 0.02366864
0 0.43235294 0.14201183 0.01596639 0.02366864
2 0.87394958 0.20000000 0.01680672 0.00946746
3 0.43445378 0.63905325 0.00840336 0.01183432
3 0.43445378 0.57988166 0.00840336 0.01183432
2 0.21008403 0.12899408 0.01680672 0.00946746
0 0.24789916 0.28816568 0.01680672 0.02248521
2 0.87226891 0.14082840 0.01680672 0.00946746
1 0.56302521 0.10650888 0.01344538 0.02366864
1 0.62184874 0.10769231 0.01344538 0.02366864
0 0.50000000 0.05384615 0.01680672 0.02248521
22 0.64201681 0.58639053 0.03697479 0.05325444
3 0.84453782 0.25088757 0.00840336 0.01183432
1 0.59159664 0.10650888 0.01344538 0.02366864
2 0.47899160 0.57988166 0.01680672 0.00946746
2 0.47899160 0.63905325 0.01680672 0.00946746
1 0.89075630 0.11715976 0.01680672 0.01893491
0 0.92773109 0.68698225 0.01680672 0.02248521
