4 0.44312500 0.39797980 0.22875000 0.61414141
4 0.79250000 0.53333333 0.03000000 0.12121212
4 0.76250000 0.14040404 0.03000000 0.12323232
7 0.81250000 0.73939394 0.02500000 0.02828283
2 0.65500000 0.39797980 0.01000000 0.04040404
4 0.76250000 0.34848485 0.03000000 0.12323232
0 0.47250000 0.96666667 0.02500000 0.03838384
0 0.64750000 0.96666667 0.02500000 0.03838384
2 0.14750000 0.15151515 0.01000000 0.04040404
0 0.39750000 0.96666667 0.02500000 0.03838384
0 0.84625000 0.26767677 0.02500000 0.03838384
2 0.60250000 0.21212121 0.02500000 0.01616162
7 0.80375000 0.87474747 0.02500000 0.02828283
2 0.68750000 0.48282828 0.02500000 0.01616162
0 0.56500000 0.96666667 0.02500000 0.03838384
0 0.14625000 0.47373737 0.02500000 0.03838384
1 0.64750000 0.87676768 0.02000000 0.04040404
0 0.01187500 0.72929293 0.02375000 0.04040404
1 0.56375000 0.87474747 0.02000000 0.04040404
1 0.47250000 0.87474747 0.02000000 0.04040404
1 0.39625000 0.87676768 0.02000000 0.04040404
0 0.66562500 0.21212121 0.02375000 0.04040404
2 0.19250000 0.58181818 0.02500000 0.01616162
1 0.08500000 0.68080808 0.02500000 0.03232323
0 0.12812500 0.58181818 0.02375000 0.04040404
2 0.87625000 0.88686869 0.02500000 0.01616162
3 0.74625000 0.71515152 0.01250000 0.02020202
2 0.68500000 0.55555556 0.02500000 0.01616162
1 0.08500000 0.77979798 0.02500000 0.03232323
3 0.56500000 0.81414141 0.01250000 0.02020202
1 0.13125000 0.72929293 0.02000000 0.04040404
3 0.74625000 0.85050505 0.01250000 0.02020202
2 0.88250000 0.75353535 0.02500000 0.01616162
1 0.14750000 0.31111111 0.02000000 0.04040404
3 0.64750000 0.81212121 0.01250000 0.02020202
1 0.90625000 0.13939394 0.02000000 0.04040404
3 0.39750000 0.81212121 0.01250000 0.02020202
3 0.47250000 0.81212121 0.01250000 0.02020202
3 0.14500000 0.06464646 0.01250000 0.02020202
3 0.65500000 0.31919192 0.01250000 0.02020202
10 0.10312500 0.30505051 0.00875000 0.03636364
