4 0.24369748 0.52071006 0.08403361 0.11124260
0 0.37394958 0.58639053 0.01680672 0.02248521
0 0.28445378 0.60946746 0.01596639 0.02366864
2 0.25126050 0.60946746 0.01680672 0.00946746
1 0.35630252 0.53846154 0.01344538 0.02366864
1 0.18487395 0.58579882 0.01344538 0.02366864
0 0.13445378 0.64437870 0.01680672 0.02248521
2 0.56638655 0.14319527 0.00672269 0.02366864
2 0.87394958 0.15266272 0.00672269 0.02366864
2 0.84033613 0.15266272 0.00672269 0.02366864
2 0.77563025 0.10650888 0.01680672 0.00946746
4 0.20168067 0.14792899 0.04705882 0.08284024
1 0.15966387 0.56449704 0.01344538 0.02366864
1 0.65966387 0.17633136 0.01344538 0.02366864
1 0.13445378 0.56213018 0.01344538 0.02366864
1 0.63445378 0.17633136 0.01344538 0.02366864
4 0.77310924 0.44378698 0.07563025 0.08284024
2 0.63865546 0.09349112 0.01680672 0.00946746
0 0.70924370 0.24911243 0.01680672 0.02248521
2 0.79327731 0.15502959 0.00672269 0.02366864
4 0.71008403 0.11242604 0.06722689 0.05917160
1 0.56638655 0.20000000 0.01344538 0.02366864
1 0.52436975 0.17159763 0.01344538 0.02366864
1 0.76050420 0.17633136 0.01344538 0.02366864
9 0.51554622 0.22426036 0.01260504 0.00828402
1 0.79411765 0.20000000 0.01344538 0.02366864
1 0.38991597 0.53846154 0.01344538 0.02366864
3 0.40924370 0.51479290 0.00840336 0.01183432
3 0.81932773 0.12899408 0.00840336 0.01183432
3 0.09411765 0.51479290 0.00840336 0.01183432
15 0.10924370 0.83846154 0.01680672 0.02721893
1 0.10924370 0.56213018 0.01344538 0.02366864
0 0.67605042 0.43668639 0.01596639 0.02366864
3 0.61596639 0.12899408 0.00840336 0.01183432
4 0.47899160 0.11834320 0.01680672 0.02366864
11 0.64201681 0.11834320 0.02857143 0.00710059
2 0.70000000 0.63786982 0.00672269 0.02366864
15 0.22268908 0.83846154 0.01680672 0.02721893
15 0.16386555 0.83846154 0.01680672 0.02721893
15 0.27731092 0.83846154 0.01680672 0.02721893
4 0.47899160 0.22485207 0.01680672 0.02366864
2 0.70000000 0.68639053 0.01680672 0.00946746
2 0.70000000 0.59053254 0.00672269 0.02366864
4 0.34033613 0.47928994 0.01680672 0.02366864
2 0.70000000 0.54319527 0.00672269 0.02366864
4 0.14705882 0.47928994 0.01680672 0.02366864
0 0.66302521 0.51893491 0.01680672 0.02248521
0 0.61680672 0.73431953 0.01680672 0.02248521
1 0.66302521 0.47455621 0.01344538 0.02366864
10 0.58403361 0.08047337 0.03865546 0.02130178
11 0.61680672 0.44852071 0.02857143 0.00710059
3 0.57731092 0.44970414 0.00840336 0.01183432
7 0.87058824 0.20473373 0.01176471 0.02366864
4 0.14705882 0.50118343 0.01680672 0.02011834
4 0.34033613 0.50118343 0.01680672 0.02011834
7 0.83697479 0.20473373 0.01176471 0.02366864
0 0.18487395 0.88106509 0.01680672 0.02248521
10 0.65798319 0.55207101 0.03697479 0.02485207
3 0.23529412 0.08284024 0.00840336 0.01183432
10 0.65756303 0.59940828 0.03781513 0.02485207
0 0.20168067 0.23491124 0.01680672 0.02248521
10 0.65966387 0.64852071 0.03865546 0.02130178
10 0.65882353 0.69585799 0.04033613 0.02840237
2 0.15462185 0.17633136 0.00672269 0.02366864
2 0.12941176 0.17514793 0.00672269 0.02366864
