4 0.38235294 0.23076923 0.05042017 0.10650888
4 0.08403361 0.16863905 0.05882353 0.15976331
4 0.16386555 0.43195266 0.05882353 0.04733728
4 0.38235294 0.62721893 0.04201681 0.03550296
4 0.27731092 0.62721893 0.04201681 0.03550296
4 0.15546218 0.62721893 0.04201681 0.03550296
4 0.50420168 0.62721893 0.04201681 0.03550296
4 0.82773109 0.26923077 0.13445378 0.24260355
3 0.42352941 0.08757396 0.00840336 0.01183432
16 0.61554622 0.24142012 0.02436975 0.02366864
16 0.61554622 0.15976331 0.02436975 0.02366864
0 0.33949580 0.50710059 0.01680672 0.02248521
0 0.92773109 0.14260355 0.01680672 0.02248521
0 0.71764706 0.15443787 0.01680672 0.02248521
0 0.34369748 0.12485207 0.01680672 0.02248521
3 0.69243697 0.14911243 0.00840336 0.01183432
3 0.34033613 0.37751479 0.00840336 0.01183432
12 0.71008403 0.22366864 0.02521008 0.01183432
12 0.71008403 0.24733728 0.02521008 0.01183432
2 0.33949580 0.41301775 0.00672269 0.02366864
12 0.71008403 0.31834320 0.02521008 0.01183432
12 0.71008403 0.28284024 0.02521008 0.01183432
12 0.71176471 0.30650888 0.02521008 0.01183432
3 0.21428571 0.41656805 0.00840336 0.01183432
5 0.08319328 0.63313609 0.02521008 0.01183432
12 0.71008403 0.25917160 0.02521008 0.01183432
12 0.71008403 0.23550296 0.02521008 0.01183432
1 0.26050420 0.51005917 0.01344538 0.02366864
5 0.65966387 0.13609467 0.02521008 0.01183432
0 0.10084034 0.39467456 0.01680672 0.02248521
0 0.20504202 0.18284024 0.01680672 0.02248521
5 0.80168067 0.45917160 0.00840336 0.03550296
0 0.21344538 0.55562130 0.01680672 0.02248521
23 0.61344538 0.41538462 0.00840336 0.03550296
0 0.09663866 0.54852071 0.01680672 0.02248521
1 0.21344538 0.50295858 0.01344538 0.02366864
5 0.66470588 0.21183432 0.02521008 0.01183432
0 0.25966387 0.55562130 0.01680672 0.02248521
0 0.78487395 0.72721893 0.01680672 0.02248521
0 0.61344538 0.51301775 0.01680672 0.02248521
5 0.53361345 0.43668639 0.02521008 0.01183432
0 0.03697479 0.28816568 0.01680672 0.02248521
0 0.20504202 0.25384615 0.01680672 0.02248521
1 0.34033613 0.46272189 0.01344538 0.02366864
12 0.86890756 0.46035503 0.00840336 0.03550296
5 0.42016807 0.43668639 0.02521008 0.01183432
12 0.67478992 0.66863905 0.02521008 0.01183432
1 0.09579832 0.50769231 0.01344538 0.02366864
10 0.83235294 0.67100592 0.04621849 0.02130178
10 0.73991597 0.67100592 0.04621849 0.02130178
3 0.45378151 0.37396450 0.00840336 0.01183432
3 0.22268908 0.06153846 0.00840336 0.01183432
0 0.34453782 0.59585799 0.01680672 0.02248521
1 0.61344538 0.46745562 0.01344538 0.02366864
2 0.45378151 0.41183432 0.00672269 0.02366864
0 0.23865546 0.59585799 0.01680672 0.02248521
0 0.46554622 0.59585799 0.01680672 0.02248521
2 0.55462185 0.15976331 0.01680672 0.00946746
2 0.55462185 0.24142012 0.01680672 0.00946746
0 0.11764706 0.59349112 0.01680672 0.02248521
