4 0.28655462 0.46153846 0.08235294 0.18934911
0 0.06218487 0.47396450 0.01680672 0.02248521
2 0.82689076 0.62603550 0.00672269 0.02366864
2 0.77731092 0.42485207 0.01680672 0.00946746
1 0.06218487 0.42011834 0.01344538 0.02366864
1 0.58319328 0.49704142 0.01344538 0.02366864
4 0.60084034 0.14792899 0.04201681 0.07100592
4 0.60084034 0.25443787 0.04201681 0.07100592
1 0.09243697 0.42603550 0.01344538 0.02366864
4 0.20168067 0.10650888 0.05882353 0.07100592
2 0.52521008 0.51834320 0.01680672 0.00946746
0 0.43655462 0.41301775 0.01596639 0.02366864
2 0.77731092 0.47337278 0.01680672 0.00946746
1 0.55462185 0.49704142 0.01344538 0.02366864
1 0.18823529 0.56686391 0.01344538 0.02366864
1 0.16302521 0.56686391 0.01344538 0.02366864
1 0.46554622 0.49704142 0.01344538 0.02366864
1 0.49579832 0.49704142 0.01344538 0.02366864
1 0.37647059 0.49704142 0.01680672 0.01893491
3 0.03109244 0.40118343 0.00840336 0.01183432
1 0.78487395 0.51479290 0.01680672 0.01893491
1 0.72268908 0.42485207 0.01680672 0.01893491
1 0.35630252 0.48402367 0.01680672 0.01893491
1 0.15126050 0.49585799 0.01680672 0.01893491
0 0.24705882 0.05384615 0.01680672 0.02248521
0 0.29747899 0.05384615 0.01680672 0.02248521
3 0.80168067 0.05680473 0.00840336 0.01183432
1 0.78487395 0.57396450 0.01680672 0.01893491
1 0.78403361 0.55029586 0.01680672 0.01893491
2 0.06722689 0.09349112 0.01680672 0.00946746
1 0.72268908 0.47218935 0.01680672 0.01893491
2 0.82016807 0.08875740 0.01680672 0.00946746
0 0.03739496 0.09349112 0.01596639 0.02366864
4 0.23109244 0.89940828 0.01680672 0.10650888
4 0.94117647 0.16568047 0.01680672 0.03550296
2 0.82016807 0.23076923 0.01680672 0.00946746
0 0.91596639 0.28224852 0.01680672 0.02248521
0 0.89789916 0.23076923 0.01596639 0.02366864
1 0.27226891 0.13017751 0.01344538 0.02366864
0 0.89789916 0.08875740 0.01596639 0.02366864
1 0.29747899 0.13017751 0.01344538 0.02366864
0 0.81974790 0.17278107 0.01596639 0.02366864
14 0.85420168 0.56035503 0.03445378 0.04615385
5 0.16218487 0.38934911 0.02521008 0.01183432
7 0.85546218 0.09349112 0.01680672 0.01656805
7 0.85546218 0.23550296 0.01680672 0.01656805
5 0.50336134 0.44615385 0.02521008 0.01183432
5 0.16050420 0.46035503 0.02521008 0.01183432
5 0.16050420 0.44852071 0.02521008 0.01183432
5 0.37815126 0.44852071 0.02521008 0.01183432
5 0.43781513 0.37751479 0.02521008 0.01183432
5 0.16050420 0.47218935 0.02521008 0.01183432
19 0.38361345 0.11715976 0.03781513 0.05443787
3 0.80336134 0.27928994 0.00840336 0.01183432
12 0.09159664 0.53136095 0.02521008 0.01183432
12 0.39075630 0.40118343 0.02521008 0.01183432
5 0.82689076 0.70532544 0.00840336 0.03550296
12 0.49579832 0.63786982 0.02521008 0.01183432
3 0.52436975 0.57041420 0.00840336 0.01183432
12 0.39075630 0.38934911 0.02521008 0.01183432
12 0.09159664 0.49585799 0.02521008 0.01183432
5 0.16050420 0.43668639 0.02521008 0.01183432
14 0.21806723 0.77278107 0.03613445 0.02840237
5 0.37815126 0.43668639 0.02521008 0.01183432
12 0.18823529 0.64497041 0.00840336 0.03550296
5 0.12352941 0.10532544 0.02521008 0.01183432
12 0.16302521 0.64497041 0.00840336 0.03550296
2 0.44033613 0.63786982 0.01680672 0.00946746
5 0.12352941 0.11715976 0.02521008 0.01183432
12 0.43277311 0.48402367 0.02521008 0.01183432
10 0.78865546 0.15739645 0.01932773 0.06390533
12 0.43277311 0.49585799 0.02521008 0.01183432
3 0.85462185 0.42366864 0.00840336 0.01183432
0 0.39537815 0.63786982 0.01596639 0.02366864
12 0.73361345 0.57278107 0.02521008 0.01183432
5 0.12352941 0.12899408 0.02521008 0.01183432
12 0.73361345 0.54911243 0.02521008 0.01183432
5 0.64453782 0.42485207 0.02521008 0.01183432
12 0.14285714 0.03550296 0.00840336 0.03550296
5 0.15042017 0.77396450 0.02521008 0.01183432
5 0.15210084 0.76094675 0.02521008 0.01183432
5 0.15042017 0.78698225 0.02521008 0.01183432
12 0.17226891 0.92899408 0.02521008 0.01183432
12 0.17226891 0.91715976 0.02521008 0.01183432
12 0.17226891 0.90414201 0.02521008 0.01183432
12 0.17226891 0.88165680 0.02521008 0.01183432
12 0.17226891 0.86982249 0.02521008 0.01183432
12 0.17226891 0.94082840 0.02521008 0.01183432
31 0.91596639 0.22426036 0.01176471 0.04142012
3 0.29915966 0.19171598 0.00840336 0.01183432
12 0.17226891 0.89230769 0.02521008 0.01183432
12 0.17226891 0.85680473 0.02521008 0.01183432
0 0.65084034 0.06508876 0.01596639 0.02366864
2 0.21848739 0.47455621 0.01680672 0.00946746
1 0.65882353 0.15266272 0.01344538 0.02366864
1 0.70084034 0.15266272 0.01344538 0.02366864
0 0.68067227 0.19585799 0.01680672 0.02248521
3 0.68067227 0.11834320 0.00840336 0.01183432
1 0.65882353 0.26035503 0.01344538 0.02366864
0 0.68067227 0.30236686 0.01680672 0.02248521
1 0.70084034 0.25917160 0.01344538 0.02366864
3 0.68067227 0.22485207 0.00840336 0.01183432
0 0.49915966 0.19467456 0.01680672 0.02248521
0 0.49915966 0.30118343 0.01680672 0.02248521
1 0.49915966 0.14082840 0.01344538 0.02366864
3 0.71176471 0.06508876 0.00840336 0.01183432
3 0.49915966 0.10177515 0.00840336 0.01183432
1 0.49915966 0.24733728 0.01344538 0.02366864
3 0.49915966 0.20828402 0.00840336 0.01183432
6 0.68403361 0.06390533 0.01680672 0.01656805
2 0.21848739 0.43786982 0.01680672 0.00946746
