4 0.47899160 0.38461538 0.10084034 0.26035503
4 0.84033613 0.13609467 0.03361345 0.11834320
4 0.17226891 0.86390533 0.05042017 0.04733728
1 0.28907563 0.88757396 0.01344538 0.02366864
2 0.33109244 0.85088757 0.01680672 0.00946746
11 0.14621849 0.76331361 0.02857143 0.00710059
0 0.11302521 0.86508876 0.01596639 0.02366864
1 0.25210084 0.88757396 0.01344538 0.02366864
1 0.08739496 0.87692308 0.01344538 0.02366864
1 0.21344538 0.89940828 0.01344538 0.02366864
11 0.30588235 0.69822485 0.02857143 0.00710059
3 0.07563025 0.61775148 0.00840336 0.01183432
11 0.11764706 0.63313609 0.02857143 0.00710059
3 0.12941176 0.87810651 0.00840336 0.01183432
1 0.68907563 0.67337278 0.01344538 0.02366864
0 0.10420168 0.78757396 0.01680672 0.02248521
0 0.87731092 0.06331361 0.01680672 0.02248521
0 0.21344538 0.94733728 0.01680672 0.02248521
3 0.35294118 0.83668639 0.00840336 0.01183432
0 0.66722689 0.72248521 0.01680672 0.02248521
3 0.05042017 0.83668639 0.00840336 0.01183432
2 0.91596639 0.12307692 0.01680672 0.00946746
3 0.26386555 0.68284024 0.00840336 0.01183432
3 0.16806723 0.61775148 0.00840336 0.01183432
1 0.64705882 0.67337278 0.01344538 0.02366864
3 0.80672269 0.63431953 0.00840336 0.01183432
0 0.21344538 0.78757396 0.01680672 0.02248521
1 0.05042017 0.87692308 0.01344538 0.02366864
3 0.80168067 0.07337278 0.00840336 0.01183432
3 0.65882353 0.63313609 0.00840336 0.01183432
0 0.80672269 0.72011834 0.01680672 0.02248521
3 0.35630252 0.68165680 0.00840336 0.01183432
0 0.52436975 0.72248521 0.01680672 0.02248521
0 0.05042017 0.94733728 0.01680672 0.02248521
11 0.73445378 0.64970414 0.02857143 0.00710059
11 0.58823529 0.64970414 0.02857143 0.00710059
3 0.50420168 0.63431953 0.00840336 0.01183432
1 0.54117647 0.67337278 0.01344538 0.02366864
4 0.74243697 0.58461538 0.03277311 0.04260355
18 0.82226891 0.43076923 0.01260504 0.01183432
1 0.50420168 0.67337278 0.01344538 0.02366864
1 0.80672269 0.67573964 0.01344538 0.02366864
0 0.16806723 0.70355030 0.01680672 0.02248521
1 0.88907563 0.45562130 0.01680672 0.01893491
1 0.16806723 0.65798817 0.01344538 0.02366864
1 0.88907563 0.40828402 0.01680672 0.01893491
0 0.36470588 0.76863905 0.01680672 0.02248521
1 0.36470588 0.72307692 0.01344538 0.02366864
2 0.59663866 0.38698225 0.01680672 0.00946746
0 0.32815126 0.29940828 0.01596639 0.02366864
0 0.92394958 0.43195266 0.01596639 0.02366864
2 0.40336134 0.32426036 0.01680672 0.00946746
0 0.72605042 0.42544379 0.01680672 0.02248521
1 0.35630252 0.51952663 0.01344538 0.02366864
0 0.55672269 0.46745562 0.01596639 0.02366864
0 0.69201681 0.37988166 0.01596639 0.02366864
0 0.55588235 0.49112426 0.01596639 0.02366864
2 0.40336134 0.33609467 0.01680672 0.00946746
0 0.69747899 0.58994083 0.01680672 0.02248521
2 0.40336134 0.35976331 0.01680672 0.00946746
2 0.40336134 0.34792899 0.01680672 0.00946746
1 0.61764706 0.51952663 0.01680672 0.01893491
2 0.66806723 0.55621302 0.01680672 0.00946746
2 0.40336134 0.37278107 0.01680672 0.00946746
2 0.59495798 0.31360947 0.01680672 0.00946746
2 0.40336134 0.38461538 0.01680672 0.00946746
3 0.70924370 0.43431953 0.00840336 0.01183432
2 0.66722689 0.52071006 0.01680672 0.00946746
3 0.33361345 0.27810651 0.00840336 0.01183432
3 0.33361345 0.31360947 0.00840336 0.01183432
1 0.59327731 0.44970414 0.01344538 0.02366864
2 0.59663866 0.28994083 0.01680672 0.00946746
3 0.68739496 0.36568047 0.00840336 0.01183432
3 0.63949580 0.34911243 0.00840336 0.01183432
0 0.66848739 0.44852071 0.01596639 0.02366864
0 0.55588235 0.26627219 0.01596639 0.02366864
2 0.30420168 0.51952663 0.00672269 0.02366864
3 0.33361345 0.43195266 0.00840336 0.01183432
6 0.72773109 0.47337278 0.01176471 0.02366864
2 0.65126050 0.37988166 0.01680672 0.00946746
2 0.60336134 0.36094675 0.01680672 0.00946746
1 0.63361345 0.42485207 0.01680672 0.01893491
1 0.33613445 0.55029586 0.01680672 0.01893491
3 0.33361345 0.47928994 0.00840336 0.01183432
1 0.63361345 0.47218935 0.01680672 0.01893491
0 0.55588235 0.41775148 0.01596639 0.02366864
6 0.70924370 0.47218935 0.01176471 0.02366864
3 0.63109244 0.38461538 0.00840336 0.01183432
0 0.41092437 0.43372781 0.01680672 0.02248521
2 0.40252101 0.46745562 0.01680672 0.00946746
3 0.55126050 0.43195266 0.00840336 0.01183432
3 0.54369748 0.31952663 0.00840336 0.01183432
0 0.55588235 0.33727811 0.01596639 0.02366864
2 0.40168067 0.45443787 0.01680672 0.00946746
3 0.38991597 0.56804734 0.00840336 0.01183432
