2 0.04957983 0.55502959 0.00672269 0.02366864
2 0.04957983 0.47810651 0.00672269 0.02366864
0 0.17983193 0.62071006 0.01680672 0.02248521
2 0.18487395 0.17633136 0.01680672 0.00946746
2 0.18067227 0.56094675 0.00672269 0.02366864
0 0.04957983 0.61597633 0.01680672 0.02248521
2 0.18487395 0.29467456 0.01680672 0.00946746
2 0.68907563 0.42485207 0.01680672 0.00946746
0 0.38655462 0.51893491 0.01680672 0.02248521
2 0.44873950 0.42485207 0.01680672 0.00946746
0 0.56638655 0.51893491 0.01680672 0.02248521
2 0.17983193 0.48402367 0.00672269 0.02366864
2 0.18487395 0.34437870 0.01680672 0.00946746
3 0.05042017 0.43076923 0.00840336 0.01183432
9 0.79747899 0.47337278 0.01512605 0.00946746
9 0.79747899 0.48520710 0.01512605 0.00946746
9 0.79747899 0.46153846 0.01512605 0.00946746
9 0.92773109 0.61538462 0.01512605 0.00946746
9 0.79747899 0.52071006 0.01512605 0.00946746
4 0.56722689 0.43195266 0.05042017 0.03550296
9 0.79747899 0.50887574 0.01512605 0.00946746
0 0.82268908 0.26568047 0.01680672 0.02248521
9 0.79747899 0.49704142 0.01512605 0.00946746
9 0.92773109 0.60355030 0.01512605 0.00946746
9 0.92647059 0.62662722 0.01260504 0.00828402
9 0.79747899 0.53254438 0.01512605 0.00946746
9 0.92773109 0.56804734 0.01512605 0.00946746
2 0.82352941 0.11242604 0.00672269 0.02366864
9 0.92773109 0.59112426 0.01512605 0.00828402
3 0.17983193 0.43550296 0.00840336 0.01183432
9 0.79747899 0.54437870 0.01512605 0.00946746
9 0.92773109 0.57988166 0.01512605 0.00946746
9 0.92773109 0.65029586 0.01512605 0.00828402
9 0.79747899 0.44911243 0.01512605 0.00828402
9 0.92647059 0.63846154 0.01260504 0.00828402
3 0.65882353 0.40000000 0.00840336 0.01183432
1 0.65882353 0.45443787 0.01344538 0.02366864
9 0.92773109 0.52071006 0.01512605 0.00946746
1 0.22689076 0.56094675 0.01344538 0.02366864
2 0.18487395 0.22603550 0.01680672 0.00946746
3 0.41512605 0.41183432 0.00840336 0.01183432
9 0.79747899 0.43786982 0.01512605 0.00946746
9 0.92773109 0.55621302 0.01512605 0.00946746
9 0.92773109 0.54378698 0.01512605 0.00828402
9 0.79747899 0.56745562 0.01512605 0.01065089
9 0.92773109 0.53195266 0.01512605 0.00828402
9 0.79747899 0.55621302 0.01512605 0.00946746
9 0.92773109 0.50887574 0.01512605 0.00946746
0 0.09579832 0.84082840 0.01680672 0.02248521
0 0.78487395 0.67514793 0.01680672 0.02248521
1 0.09579832 0.55502959 0.01344538 0.02366864
3 0.09663866 0.42840237 0.00840336 0.01183432
1 0.51260504 0.45443787 0.01344538 0.02366864
3 0.22689076 0.43313609 0.00840336 0.01183432
3 0.82268908 0.05680473 0.00840336 0.01183432
9 0.92773109 0.49644970 0.01512605 0.00828402
4 0.38025210 0.60946746 0.02941176 0.02366864
4 0.04621849 0.79881657 0.01680672 0.05917160
0 0.34453782 0.72130178 0.01680672 0.02248521
12 0.15546218 0.51834320 0.02521008 0.01183432
9 0.92773109 0.48461538 0.01512605 0.00828402
4 0.85924370 0.15384615 0.02941176 0.02366864
4 0.18067227 0.77514793 0.01680672 0.04733728
12 0.91512605 0.18816568 0.02521008 0.01183432
4 0.67647059 0.08875740 0.01680672 0.03550296
32 0.31974790 0.43431953 0.04117647 0.03313609
4 0.87815126 0.55147929 0.02016807 0.25562130
4 0.09663866 0.32544379 0.07563025 0.08284024
4 0.67647059 0.17159763 0.01680672 0.03550296
6 0.09579832 0.48402367 0.01176471 0.02366864
6 0.22689076 0.48994083 0.01176471 0.02366864
6 0.37815126 0.42485207 0.01680672 0.01656805
4 0.84873950 0.55088757 0.02016807 0.25680473
4 0.09663866 0.20710059 0.07563025 0.08284024
12 0.28487395 0.52426036 0.02521008 0.01183432
12 0.43613445 0.64260355 0.02521008 0.01183432
7 0.35462185 0.06272189 0.01680672 0.01656805
3 0.34453782 0.56094675 0.00840336 0.01183432
1 0.41596639 0.46035503 0.01344538 0.02366864
1 0.62605042 0.45562130 0.01344538 0.02366864
7 0.68991597 0.48639053 0.01680672 0.01656805
0 0.11764706 0.12248521 0.01680672 0.02248521
0 0.05378151 0.12248521 0.01680672 0.02248521
0 0.18487395 0.12248521 0.01680672 0.02248521
10 0.20168067 0.06863905 0.02521008 0.02840237
2 0.49411765 0.11124260 0.01680672 0.00946746
10 0.13445378 0.06863905 0.02521008 0.02840237
1 0.48655462 0.45562130 0.01344538 0.02366864
10 0.07142857 0.06863905 0.02521008 0.02840237
12 0.60084034 0.14556213 0.02521008 0.01183432
5 0.45378151 0.03550296 0.00840336 0.03550296
0 0.73109244 0.20532544 0.01680672 0.02248521
15 0.66722689 0.71065089 0.01680672 0.02721893
15 0.53277311 0.71065089 0.01680672 0.02721893
12 0.45378151 0.24970414 0.00840336 0.03550296
12 0.37899160 0.25917160 0.02521008 0.01183432
4 0.23823529 0.76272189 0.01596639 0.01775148
4 0.23865546 0.78579882 0.01680672 0.01893491
15 0.66722689 0.60414201 0.01680672 0.02721893
0 0.51260504 0.26449704 0.01680672 0.02248521
2 0.45378151 0.15857988 0.00672269 0.02366864
15 0.52773109 0.59940828 0.01680672 0.02721893
6 0.54117647 0.10532544 0.01176471 0.02366864
2 0.30252101 0.05798817 0.01680672 0.00946746
1 0.31428571 0.28875740 0.01344538 0.02366864
2 0.27731092 0.18816568 0.00672269 0.02366864
6 0.27731092 0.25798817 0.01176471 0.02366864
0 0.27731092 0.35325444 0.01680672 0.02248521
4 0.72983193 0.07988166 0.01764706 0.01538462
2 0.82436975 0.18816568 0.00672269 0.02366864
1 0.51260504 0.20591716 0.01344538 0.02366864
2 0.34537815 0.64378698 0.00672269 0.02366864
3 0.54117647 0.04970414 0.00840336 0.01183432
3 0.27731092 0.14437870 0.00840336 0.01183432
3 0.27226891 0.04260355 0.00840336 0.01183432
