1 0.81092437 0.55029586 0.01680672 0.01893491
1 0.80252101 0.18816568 0.01680672 0.01893491
1 0.75630252 0.51952663 0.01680672 0.01893491
1 0.79327731 0.49112426 0.01680672 0.01893491
1 0.82352941 0.60828402 0.01680672 0.01893491
1 0.80168067 0.24260355 0.01680672 0.01893491
2 0.77310924 0.27810651 0.01680672 0.00946746
1 0.75630252 0.46035503 0.01680672 0.01893491
1 0.78991597 0.43195266 0.01680672 0.01893491
2 0.77310924 0.32544379 0.01680672 0.00946746
1 0.75630252 0.57869822 0.01680672 0.01893491
2 0.50420168 0.50295858 0.00672269 0.02366864
0 0.91176471 0.52603550 0.01680672 0.02248521
4 0.22268908 0.21893491 0.21008403 0.20118343
4 0.21428571 0.68639053 0.04201681 0.04733728
4 0.23319328 0.46745562 0.02100840 0.10650888
0 0.70630252 0.24260355 0.01596639 0.02366864
0 0.71428571 0.64437870 0.01680672 0.02248521
1 0.71428571 0.39644970 0.01344538 0.02366864
4 0.90336134 0.33136095 0.02521008 0.29585799
2 0.57563025 0.56804734 0.00672269 0.02366864
2 0.54621849 0.56686391 0.01680672 0.00946746
3 0.21008403 0.39881657 0.00840336 0.01183432
13 0.55252101 0.39644970 0.02436975 0.02366864
3 0.71428571 0.29349112 0.00840336 0.01183432
3 0.19327731 0.40118343 0.00840336 0.01183432
1 0.55042017 0.32544379 0.01344538 0.02366864
0 0.24705882 0.92130178 0.01680672 0.02248521
0 0.17268908 0.47337278 0.01596639 0.02366864
3 0.17815126 0.50769231 0.00840336 0.01183432
0 0.53361345 0.59349112 0.01680672 0.02248521
11 0.50000000 0.36094675 0.02857143 0.00710059
3 0.18487395 0.79763314 0.00840336 0.01183432
0 0.25630252 0.64556213 0.01680672 0.02248521
1 0.45042017 0.50295858 0.01344538 0.02366864
0 0.06218487 0.33550296 0.01680672 0.02248521
2 0.18487395 0.84023669 0.00672269 0.02366864
2 0.14873950 0.66272189 0.00672269 0.02366864
0 0.67184874 0.28994083 0.01596639 0.02366864
6 0.62605042 0.28994083 0.01680672 0.01656805
3 0.08151261 0.30650888 0.00840336 0.01183432
3 0.38235294 0.29467456 0.00840336 0.01183432
10 0.55000000 0.50177515 0.02268908 0.06153846
3 0.44873950 0.31834320 0.00840336 0.01183432
0 0.39495798 0.30946746 0.01680672 0.02248521
2 0.27563025 0.66153846 0.00672269 0.02366864
3 0.07983193 0.25088757 0.00840336 0.01183432
3 0.38403361 0.14082840 0.00840336 0.01183432
3 0.38403361 0.23550296 0.00840336 0.01183432
3 0.17647059 0.61301775 0.00840336 0.01183432
6 0.62605042 0.36094675 0.01680672 0.01656805
6 0.62605042 0.23668639 0.01680672 0.01656805
10 0.21050420 0.87810651 0.03949580 0.01420118
