0 0.30985075 0.21218487 0.01194030 0.01596639
0 0.15552239 0.41512605 0.01134328 0.01680672
0 0.12567164 0.10420168 0.01134328 0.01680672
0 0.30686567 0.31890756 0.01194030 0.01596639
1 0.84656716 0.17142857 0.01194030 0.01344538
0 0.12567164 0.07142857 0.01134328 0.01680672
0 0.05641791 0.21428571 0.01134328 0.01680672
1 0.84656716 0.20504202 0.01194030 0.01344538
1 0.84656716 0.22184874 0.01194030 0.01344538
0 0.12567164 0.13445378 0.01134328 0.01680672
1 0.84656716 0.18823529 0.01194030 0.01344538
1 0.84656716 0.23865546 0.01194030 0.01344538
0 0.41194030 0.20210084 0.01194030 0.01596639
1 0.84776119 0.15462185 0.01194030 0.01344538
2 0.72835821 0.25042017 0.00477612 0.01680672
1 0.84656716 0.25546218 0.01194030 0.01344538
1 0.84776119 0.13781513 0.01194030 0.01344538
1 0.15761194 0.13361345 0.01194030 0.01344538
2 0.70447761 0.23865546 0.00477612 0.01680672
1 0.16298507 0.10504202 0.01194030 0.01344538
1 0.09910448 0.23025210 0.01194030 0.01344538
1 0.84656716 0.09579832 0.01194030 0.01344538
2 0.65910448 0.61344538 0.00477612 0.01680672
0 0.18865672 0.07100840 0.01194030 0.01596639
2 0.65910448 0.65882353 0.00477612 0.01680672
1 0.16298507 0.07142857 0.01194030 0.01344538
1 0.84656716 0.07899160 0.01194030 0.01344538
2 0.29492537 0.27310924 0.01194030 0.00672269
0 0.21194030 0.07100840 0.01194030 0.01596639
2 0.56059701 0.64201681 0.00477612 0.01680672
4 0.87164179 0.71428571 0.04776119 0.05882353
1 0.16895522 0.39831933 0.00955224 0.01680672
4 0.88059701 0.53361345 0.04179104 0.06722689
9 0.25641791 0.10882353 0.01014925 0.00588235
2 0.68059701 0.51596639 0.00477612 0.01680672
0 0.80597015 0.28025210 0.01194030 0.01596639
2 0.52477612 0.77142857 0.00477612 0.01680672
1 0.21253731 0.11764706 0.00955224 0.01680672
4 0.83283582 0.39075630 0.02985075 0.03361345
1 0.65074627 0.20168067 0.00955224 0.01680672
1 0.72835821 0.14201681 0.00955224 0.01680672
4 0.64477612 0.39075630 0.05970149 0.05042017
0 0.65074627 0.25084034 0.01194030 0.01596639
3 0.16477612 0.36554622 0.00597015 0.00840336
9 0.36955224 0.84831933 0.01074627 0.00588235
4 0.19104478 0.26050420 0.10149254 0.14285714
4 0.05074627 0.81932773 0.02985075 0.14285714
0 0.71641791 0.30042017 0.01194030 0.01596639
4 0.20597015 0.81512605 0.04179104 0.03361345
3 0.16477612 0.15546218 0.00597015 0.00840336
9 0.37253731 0.66344538 0.01074627 0.00588235
4 0.22985075 0.66386555 0.03582090 0.02521008
0 0.90835821 0.19747899 0.01134328 0.01680672
4 0.04358209 0.93697479 0.01791045 0.04201681
3 0.24597015 0.10420168 0.00597015 0.00840336
9 0.37283582 0.65084034 0.01134328 0.00588235
0 0.65970149 0.69285714 0.01194030 0.01596639
0 0.56059701 0.79789916 0.01194030 0.01596639
0 0.68955224 0.61302521 0.01194030 0.01596639
4 0.38507463 0.39495798 0.01194030 0.05882353
5 0.41492537 0.78487395 0.01791045 0.00840336
5 0.41492537 0.83025210 0.01791045 0.00840336
0 0.79253731 0.07563025 0.01134328 0.01680672
5 0.41194030 0.88907563 0.01791045 0.00840336
5 0.41492537 0.72941176 0.01791045 0.00840336
5 0.41492537 0.81008403 0.01791045 0.00840336
5 0.41492537 0.67899160 0.01791045 0.00840336
5 0.41492537 0.74285714 0.01791045 0.00840336
5 0.41194030 0.94789916 0.01791045 0.00840336
5 0.41492537 0.77142857 0.01791045 0.00840336
5 0.10686567 0.51932773 0.01791045 0.00840336
4 0.94925373 0.15966387 0.02388060 0.21008403
5 0.41492537 0.70420168 0.01791045 0.00840336
5 0.18746269 0.44033613 0.00597015 0.02521008
5 0.41492537 0.71764706 0.01791045 0.00840336
5 0.22985075 0.51932773 0.01791045 0.00840336
5 0.41492537 0.69243697 0.01791045 0.00840336
5 0.19940299 0.44033613 0.00597015 0.02521008
5 0.19940299 0.04957983 0.00597015 0.02521008
5 0.17552239 0.44117647 0.00597015 0.02521008
5 0.41194030 0.84705882 0.01791045 0.00840336
9 0.36985075 0.94873950 0.01134328 0.00672269
9 0.36089552 0.81008403 0.01134328 0.00672269
9 0.36985075 0.86890756 0.01134328 0.00672269
5 0.04955224 0.24705882 0.01791045 0.00840336
5 0.41791045 0.66218487 0.01791045 0.00840336
5 0.04955224 0.23865546 0.01791045 0.00840336
9 0.36089552 0.83109244 0.01134328 0.00672269
9 0.37283582 0.91092437 0.01134328 0.00672269
9 0.36059701 0.74285714 0.01074627 0.00672269
28 0.29253731 0.17478992 0.02388060 0.03361345
9 0.36089552 0.67983193 0.01134328 0.00672269
6 0.75880597 0.07563025 0.01194030 0.01176471
9 0.35791045 0.88991597 0.01134328 0.00672269
9 0.36059701 0.78487395 0.01074627 0.00672269
9 0.36059701 0.73025210 0.01074627 0.00672269
9 0.36059701 0.77226891 0.01074627 0.00672269
9 0.36059701 0.70504202 0.01074627 0.00672269
9 0.36059701 0.69243697 0.01074627 0.00672269
9 0.36985075 0.93193277 0.01134328 0.00672269
9 0.36059701 0.71764706 0.01074627 0.00672269
5 0.04955224 0.26386555 0.01791045 0.00840336
6 0.75820896 0.16722689 0.01194030 0.01176471
5 0.41194030 0.91092437 0.01791045 0.00840336
5 0.18149254 0.44117647 0.00597015 0.02521008
5 0.04955224 0.25462185 0.01791045 0.00840336
5 0.33373134 0.24705882 0.01791045 0.00840336
5 0.19343284 0.44033613 0.00597015 0.02521008
5 0.04955224 0.28907563 0.01791045 0.00840336
5 0.41134328 0.86890756 0.01791045 0.00840336
5 0.04955224 0.27226891 0.01791045 0.00840336
5 0.41791045 0.65042017 0.01791045 0.00840336
3 0.21731343 0.14285714 0.00597015 0.00840336
2 0.24119403 0.89075630 0.00477612 0.01680672
5 0.04955224 0.28067227 0.01791045 0.00840336
5 0.20537313 0.44117647 0.00597015 0.02521008
5 0.21134328 0.44117647 0.00597015 0.02521008
13 0.56268657 0.75126050 0.01731343 0.01680672
5 0.33432836 0.26386555 0.01791045 0.00840336
11 0.69253731 0.16722689 0.02029851 0.00504202
5 0.41134328 0.93109244 0.01791045 0.00840336
5 0.33432836 0.25546218 0.01791045 0.00840336
13 0.72985075 0.19159664 0.01731343 0.01680672
3 0.26268657 0.09831933 0.00597015 0.00840336
0 0.92626866 0.72268908 0.01134328 0.01680672
13 0.65820896 0.54453782 0.01731343 0.01680672
2 0.24119403 0.93697479 0.00477612 0.01680672
13 0.68746269 0.56218487 0.01731343 0.01680672
6 0.75880597 0.12605042 0.01194030 0.01176471
5 0.20537313 0.04957983 0.00597015 0.02521008
6 0.53373134 0.67731092 0.00835821 0.01680672
3 0.79820896 0.71260504 0.00597015 0.00840336
3 0.32537313 0.50924370 0.00597015 0.00840336
5 0.19343284 0.04957983 0.00597015 0.02521008
3 0.96059701 0.73445378 0.00597015 0.00840336
10 0.66059701 0.75966387 0.02328358 0.06386555
10 0.09223881 0.66092437 0.03044776 0.02100840
10 0.09223881 0.59831933 0.03044776 0.02016807
7 0.40477612 0.51764706 0.01194030 0.01176471
7 0.37731343 0.53445378 0.01194030 0.01176471
11 0.17552239 0.13445378 0.00358209 0.02857143
2 0.81492537 0.75210084 0.00477612 0.01680672
0 0.81492537 0.78529412 0.01194030 0.01596639
19 0.57134328 0.68319328 0.01313433 0.03193277
1 0.26268657 0.68235294 0.00955224 0.01680672
7 0.40477612 0.53529412 0.01194030 0.01176471
18 0.16656716 0.51890756 0.00597015 0.01260504
0 0.24119403 0.97016807 0.01194030 0.01596639
0 0.26268657 0.71386555 0.01194030 0.01596639
1 0.80597015 0.69243697 0.00955224 0.01680672
2 0.35462687 0.52100840 0.01194030 0.00672269
0 0.18746269 0.71806723 0.01194030 0.01596639
0 0.80597015 0.65084034 0.01194030 0.01596639
0 0.05014925 0.60966387 0.01194030 0.01596639
0 0.05014925 0.67352941 0.01194030 0.01596639
1 0.18746269 0.68571429 0.00955224 0.01680672
0 0.16955224 0.64243697 0.01194030 0.01596639
0 0.95223881 0.78949580 0.01194030 0.01596639
1 0.95223881 0.75630252 0.00955224 0.01680672
0 0.09164179 0.92436975 0.01134328 0.01680672
2 0.28656716 0.82436975 0.00477612 0.01680672
3 0.70865672 0.77647059 0.00597015 0.00840336
3 0.88955224 0.39915966 0.00597015 0.00840336
1 0.20537313 0.85714286 0.00955224 0.01680672
0 0.08955224 0.88445378 0.01194030 0.01596639
0 0.08955224 0.71470588 0.01194030 0.01596639
0 0.13761194 0.81428571 0.01134328 0.01680672
2 0.11820896 0.77394958 0.01194030 0.00672269
0 0.20537313 0.88949580 0.01194030 0.01596639
2 0.11820896 0.80588235 0.01194030 0.00672269
0 0.89402985 0.38823529 0.01134328 0.01680672
1 0.58208955 0.39831933 0.00955224 0.01680672
0 0.58149254 0.43151261 0.01194030 0.01596639
0 0.82029851 0.60126050 0.01194030 0.01596639
3 0.58208955 0.37058824 0.00597015 0.00840336
0 0.69253731 0.36512605 0.01194030 0.01596639
0 0.28656716 0.87773109 0.01194030 0.01596639
1 0.82089552 0.56638655 0.00955224 0.01680672
34 0.42716418 0.25714286 0.02328358 0.05882353
2 0.95761194 0.38991597 0.01194030 0.00672269
3 0.69850746 0.42773109 0.00597015 0.00840336
2 0.95761194 0.42016807 0.01194030 0.00672269
0 0.94328358 0.62310924 0.01194030 0.01596639
2 0.95761194 0.44873950 0.01194030 0.00672269
3 0.97014925 0.47310924 0.00597015 0.00840336
