2 0.46638655 0.46035503 0.01680672 0.00946746
2 0.63025210 0.51479290 0.01680672 0.00946746
2 0.57478992 0.57396450 0.01680672 0.00946746
2 0.73949580 0.46035503 0.01680672 0.00946746
2 0.46638655 0.50295858 0.01680672 0.00946746
2 0.73949580 0.59053254 0.01680672 0.00946746
2 0.90252101 0.51479290 0.01680672 0.00946746
2 0.46554622 0.59053254 0.01680672 0.00946746
2 0.46554622 0.52662722 0.01680672 0.00946746
0 0.64747899 0.57396450 0.01596639 0.02366864
2 0.90252101 0.64378698 0.01680672 0.00946746
2 0.84873950 0.57396450 0.01680672 0.00946746
2 0.73949580 0.50295858 0.01680672 0.00946746
2 0.73949580 0.63195266 0.01680672 0.00946746
0 0.54957983 0.44319527 0.01680672 0.02248521
2 0.63025210 0.64497041 0.01680672 0.00946746
2 0.73949580 0.52662722 0.01680672 0.00946746
1 0.65546218 0.53964497 0.01344538 0.02366864
2 0.73949580 0.65562130 0.01680672 0.00946746
0 0.41974790 0.54319527 0.01596639 0.02366864
0 0.91974790 0.70295858 0.01596639 0.02366864
0 0.91974790 0.57396450 0.01596639 0.02366864
2 0.46554622 0.63313609 0.01680672 0.00946746
2 0.46554622 0.65680473 0.01680672 0.00946746
2 0.84873950 0.69112426 0.01680672 0.00946746
4 0.87394958 0.08875740 0.04201681 0.03550296
0 0.70084034 0.55562130 0.01680672 0.02248521
4 0.87394958 0.16568047 0.04201681 0.03550296
1 0.92857143 0.53964497 0.01344538 0.02366864
4 0.68487395 0.20118343 0.04201681 0.05917160
0 0.42857143 0.68461538 0.01680672 0.02248521
4 0.15966387 0.20118343 0.04201681 0.05917160
6 0.60840336 0.22366864 0.01680672 0.01656805
4 0.51680672 0.20118343 0.04201681 0.05917160
4 0.87394958 0.31952663 0.04201681 0.03550296
1 0.65546218 0.66863905 0.01344538 0.02366864
1 0.92857143 0.66863905 0.01344538 0.02366864
0 0.70168067 0.68461538 0.01680672 0.02248521
4 0.87394958 0.24260355 0.04201681 0.03550296
6 0.60840336 0.12899408 0.01680672 0.01656805
6 0.44033613 0.22366864 0.01680672 0.01656805
6 0.08403361 0.22366864 0.01680672 0.01656805
6 0.44033613 0.12899408 0.01680672 0.01656805
2 0.60840336 0.25917160 0.01680672 0.00946746
6 0.08403361 0.12899408 0.01680672 0.01656805
2 0.09243697 0.57396450 0.00672269 0.02366864
2 0.44033613 0.25917160 0.01680672 0.00946746
2 0.08403361 0.25917160 0.01680672 0.00946746
2 0.56806723 0.69230769 0.01680672 0.00946746
2 0.68067227 0.25917160 0.01680672 0.00946746
2 0.30168067 0.57396450 0.00672269 0.02366864
4 0.34033613 0.20118343 0.04201681 0.05917160
2 0.20168067 0.57396450 0.00672269 0.02366864
2 0.51260504 0.25917160 0.01680672 0.00946746
2 0.15546218 0.25917160 0.01680672 0.00946746
2 0.60840336 0.16449704 0.01680672 0.00946746
0 0.62563025 0.69230769 0.01596639 0.02366864
4 0.44117647 0.35502959 0.01680672 0.05917160
2 0.19663866 0.81656805 0.00672269 0.02366864
2 0.09243697 0.81656805 0.00672269 0.02366864
2 0.44033613 0.16449704 0.01680672 0.00946746
2 0.08403361 0.16449704 0.01680672 0.00946746
2 0.09243697 0.75147929 0.00672269 0.02366864
2 0.20168067 0.50769231 0.00672269 0.02366864
2 0.09243697 0.50769231 0.00672269 0.02366864
2 0.26386555 0.25917160 0.01680672 0.00946746
2 0.19663866 0.75029586 0.00672269 0.02366864
2 0.30168067 0.50769231 0.00672269 0.02366864
3 0.44369748 0.45562130 0.00840336 0.01183432
1 0.24285714 0.57396450 0.01344538 0.02366864
1 0.13445378 0.57396450 0.01344538 0.02366864
0 0.09243697 0.63727811 0.01680672 0.02248521
0 0.20168067 0.63727811 0.01680672 0.02248521
2 0.26386555 0.16449704 0.01680672 0.00946746
1 0.13445378 0.81656805 0.01344538 0.02366864
3 0.71596639 0.45562130 0.00840336 0.01183432
0 0.37773109 0.25917160 0.01596639 0.02366864
0 0.72226891 0.25917160 0.01596639 0.02366864
1 0.34369748 0.57396450 0.01344538 0.02366864
0 0.19663866 0.88106509 0.01680672 0.02248521
2 0.33613445 0.25917160 0.01680672 0.00946746
3 0.71260504 0.59053254 0.00840336 0.01183432
3 0.20084034 0.45207101 0.00840336 0.01183432
0 0.30252101 0.63846154 0.01680672 0.02248521
1 0.23865546 0.81656805 0.01344538 0.02366864
0 0.55420168 0.25917160 0.01596639 0.02366864
0 0.19621849 0.25917160 0.01596639 0.02366864
3 0.44369748 0.58579882 0.00840336 0.01183432
3 0.71848739 0.12544379 0.00840336 0.01183432
0 0.09243697 0.88106509 0.01680672 0.02248521
3 0.55042017 0.12544379 0.00840336 0.01183432
3 0.09243697 0.45207101 0.00840336 0.01183432
3 0.19327731 0.12544379 0.00840336 0.01183432
3 0.30168067 0.45207101 0.00840336 0.01183432
3 0.09159664 0.69585799 0.00840336 0.01183432
6 0.26386555 0.22366864 0.01680672 0.01656805
3 0.19663866 0.69349112 0.00840336 0.01183432
6 0.26470588 0.12899408 0.01680672 0.01656805
3 0.55378151 0.57396450 0.00840336 0.01183432
1 0.78151261 0.33727811 0.01344538 0.02366864
1 0.78151261 0.26035503 0.01344538 0.02366864
25 0.55042017 0.64260355 0.02521008 0.03550296
1 0.78151261 0.11242604 0.01344538 0.02366864
0 0.95714286 0.36035503 0.01680672 0.02248521
3 0.80672269 0.05443787 0.00840336 0.01183432
2 0.92773109 0.08165680 0.01680672 0.00946746
24 0.54789916 0.51242604 0.03361345 0.04733728
3 0.37394958 0.12662722 0.00840336 0.01183432
2 0.92857143 0.23550296 0.01680672 0.00946746
2 0.92436975 0.31360947 0.01680672 0.00946746
2 0.92857143 0.15976331 0.01680672 0.00946746
25 0.82436975 0.51360947 0.02521008 0.03550296
25 0.82352941 0.64260355 0.02521008 0.03550296
1 0.78151261 0.18343195 0.01344538 0.02366864
0 0.94075630 0.45562130 0.01596639 0.02366864
1 0.89075630 0.45443787 0.01680672 0.01893491
3 0.85462185 0.45562130 0.00840336 0.01183432
