4 0.65075922 0.59677419 0.05422993 0.08064516
4 0.11930586 0.87096774 0.07592191 0.14516129
4 0.86767896 0.16935484 0.06507592 0.06451613
4 0.47993492 0.20967742 0.07049892 0.20967742
4 0.87852495 0.58870968 0.02169197 0.08064516
16 0.44305857 0.60967742 0.03145336 0.03225806
2 0.65509761 0.26451613 0.02169197 0.01290323
16 0.44305857 0.51290323 0.03145336 0.03225806
2 0.65509761 0.30645161 0.02169197 0.01290323
1 0.03253796 0.80645161 0.01735358 0.03225806
7 0.09978308 0.59032258 0.02169197 0.02258065
0 0.05965293 0.73951613 0.02169197 0.03064516
1 0.17895879 0.78064516 0.01735358 0.03225806
0 0.17787419 0.71693548 0.02169197 0.03064516
3 0.69848156 0.55000000 0.01084599 0.01612903
0 0.91540130 0.52983871 0.02169197 0.03064516
0 0.71529284 0.26612903 0.02060738 0.03225806
0 0.71529284 0.30645161 0.02060738 0.03225806
0 0.55151844 0.11935484 0.02060738 0.03225806
3 0.82429501 0.63225806 0.01084599 0.01612903
0 0.55043384 0.29677419 0.02060738 0.03225806
0 0.60195228 0.53306452 0.02169197 0.03064516
10 0.25271150 0.27822581 0.01301518 0.06935484
0 0.42190889 0.33467742 0.02169197 0.03064516
3 0.19739696 0.81935484 0.01084599 0.01612903
0 0.43167028 0.06532258 0.02169197 0.03064516
3 0.19739696 0.56451613 0.01084599 0.01612903
2 0.14533623 0.56290323 0.02169197 0.01290323
2 0.14533623 0.59516129 0.02169197 0.01290323
10 0.08405640 0.27822581 0.01193059 0.06935484
0 0.25379610 0.36209677 0.02169197 0.03064516
0 0.81236443 0.11532258 0.02169197 0.03064516
3 0.19739696 0.59677419 0.01084599 0.01612903
2 0.28741866 0.24354839 0.00867679 0.03225806
2 0.37418655 0.51451613 0.02169197 0.01290323
0 0.08893709 0.17177419 0.02169197 0.03064516
2 0.11930586 0.29677419 0.00867679 0.03225806
0 0.86767896 0.30725806 0.02169197 0.03064516
1 0.91648590 0.22258065 0.01735358 0.03225806
2 0.37960954 0.61129032 0.02169197 0.01290323
1 0.81344902 0.21612903 0.01735358 0.03225806
1 0.78524946 0.21612903 0.01735358 0.03225806
1 0.94793926 0.21612903 0.01735358 0.03225806
3 0.78524946 0.16612903 0.01084599 0.01612903
3 0.94793926 0.15000000 0.01084599 0.01612903
3 0.28741866 0.31129032 0.01084599 0.01612903
3 0.81561822 0.15967742 0.01084599 0.01612903
3 0.11930586 0.23225806 0.01084599 0.01612903
3 0.42407809 0.27419355 0.01084599 0.01612903
3 0.42516269 0.12741935 0.01084599 0.01612903
