4 0.27941176 0.13732394 0.08823529 0.15258216
4 0.81092437 0.08450704 0.05042017 0.04694836
4 0.11764706 0.36619718 0.02521008 0.05868545
29 0.14243697 0.59389671 0.06638655 0.09154930
4 0.26050420 0.38380282 0.01680672 0.08215962
29 0.06260504 0.59389671 0.06638655 0.09154930
4 0.80672269 0.21068075 0.07563025 0.04107981
4 0.65546218 0.19014085 0.01680672 0.04694836
4 0.57983193 0.19014085 0.01680672 0.04694836
4 0.65966387 0.06690141 0.01680672 0.04694836
29 0.22226891 0.59389671 0.06638655 0.09154930
4 0.57983193 0.06690141 0.01680672 0.04694836
29 0.30630252 0.59389671 0.06638655 0.09154930
4 0.47899160 0.38380282 0.01680672 0.04694836
0 0.39075630 0.43251174 0.01680672 0.02230047
2 0.09243697 0.42253521 0.00672269 0.02347418
2 0.05462185 0.39906103 0.00672269 0.02347418
0 0.56302521 0.39730047 0.01680672 0.02230047
0 0.36974790 0.33274648 0.01680672 0.02230047
20 0.56260504 0.34507042 0.01764706 0.02347418
0 0.46050420 0.42077465 0.01680672 0.02230047
0 0.74789916 0.16138498 0.01680672 0.02230047
0 0.08907563 0.32100939 0.01680672 0.02230047
0 0.84873950 0.15199531 0.01680672 0.02230047
0 0.04873950 0.24823944 0.01680672 0.02230047
0 0.75126050 0.17429577 0.01680672 0.02230047
0 0.75210084 0.28579812 0.01680672 0.02230047
2 0.63361345 0.10093897 0.00672269 0.02347418
10 0.34327731 0.38145540 0.03781513 0.04694836
2 0.55798319 0.10093897 0.00672269 0.02347418
0 0.63025210 0.27406103 0.01680672 0.02230047
2 0.55462185 0.22417840 0.00672269 0.02347418
0 0.85714286 0.27406103 0.01680672 0.02230047
0 0.55798319 0.15082160 0.01680672 0.02230047
1 0.74789916 0.11737089 0.01344538 0.02347418
1 0.75126050 0.24178404 0.01344538 0.02347418
0 0.63361345 0.15082160 0.01680672 0.02230047
2 0.63025210 0.22417840 0.00672269 0.02347418
3 0.14453782 0.16079812 0.00840336 0.01173709
0 0.55462185 0.27406103 0.01680672 0.02230047
0 0.75966387 0.04518779 0.01680672 0.02230047
1 0.86134454 0.23004695 0.01344538 0.02347418
1 0.84873950 0.10563380 0.01344538 0.02347418
10 0.47394958 0.06572770 0.02689076 0.02816901
2 0.06638655 0.22417840 0.01680672 0.00938967
3 0.56302521 0.30868545 0.00840336 0.01173709
2 0.46638655 0.21948357 0.01680672 0.00938967
2 0.42016807 0.21830986 0.01680672 0.00938967
10 0.47394958 0.12323944 0.02689076 0.02816901
3 0.41764706 0.05516432 0.00840336 0.01173709
0 0.20168067 0.23063380 0.01680672 0.02230047
0 0.49957983 0.21948357 0.01596639 0.02347418
1 0.16302521 0.18544601 0.01344538 0.02347418
3 0.38907563 0.21948357 0.00840336 0.01173709
0 0.42899160 0.11267606 0.01596639 0.02347418
0 0.16386555 0.23063380 0.01680672 0.02230047
1 0.20168067 0.18544601 0.01344538 0.02347418
3 0.45798319 0.35563380 0.00840336 0.01173709
0 0.35714286 0.18485915 0.01680672 0.02230047
3 0.45462185 0.37676056 0.00840336 0.01173709
3 0.03361345 0.06690141 0.00840336 0.01173709
2 0.06386555 0.08333333 0.01680672 0.00938967
2 0.06386555 0.13145540 0.01680672 0.00938967
2 0.06638655 0.18309859 0.01680672 0.00938967
