4 0.49552239 0.50840336 0.05373134 0.11764706
4 0.26268657 0.69327731 0.02985075 0.05042017
4 0.58805970 0.71428571 0.03582090 0.07563025
4 0.65074627 0.16806723 0.02388060 0.07563025
4 0.22388060 0.87394958 0.03582090 0.03361345
4 0.84477612 0.50420168 0.04179104 0.03361345
4 0.35223881 0.29411765 0.02985075 0.04201681
4 0.35223881 0.13445378 0.02985075 0.04201681
4 0.35223881 0.21428571 0.02985075 0.04201681
4 0.91104478 0.65966387 0.02865672 0.14285714
4 0.14029851 0.19537815 0.08955224 0.23109244
4 0.46865672 0.29831933 0.07761194 0.05042017
4 0.46865672 0.13865546 0.07761194 0.05042017
4 0.46865672 0.21848739 0.07761194 0.05042017
4 0.22686567 0.42436975 0.01194030 0.04201681
4 0.35522388 0.90756303 0.01791045 0.02521008
4 0.91940299 0.23529412 0.02388060 0.24369748
16 0.59910448 0.26722689 0.01731343 0.01680672
16 0.69582090 0.74285714 0.01731343 0.01680672
9 0.29940299 0.44495798 0.01134328 0.00588235
4 0.10149254 0.93277311 0.02388060 0.01680672
16 0.69582090 0.68403361 0.01731343 0.01680672
0 0.18417910 0.71428571 0.01134328 0.01680672
0 0.22388060 0.93319328 0.01194030 0.01596639
0 0.29940299 0.85630252 0.01134328 0.01680672
1 0.25611940 0.89915966 0.00955224 0.01680672
0 0.15522388 0.89201681 0.01194030 0.01596639
1 0.19223881 0.89831933 0.00955224 0.01680672
9 0.22955224 0.37310924 0.01134328 0.00672269
2 0.26865672 0.85630252 0.01194030 0.00672269
9 0.22955224 0.36512605 0.01134328 0.00756303
1 0.30208955 0.71428571 0.01194030 0.01344538
9 0.67731343 0.32268908 0.01134328 0.00672269
9 0.67731343 0.28907563 0.01134328 0.00672269
1 0.32835821 0.68907563 0.00955224 0.01680672
7 0.17074627 0.85882353 0.01194030 0.01176471
9 0.67731343 0.31470588 0.01134328 0.00588235
7 0.29970149 0.89327731 0.01194030 0.01176471
1 0.20537313 0.68067227 0.00955224 0.01680672
9 0.67731343 0.28067227 0.01134328 0.00672269
9 0.67731343 0.29789916 0.01134328 0.00588235
7 0.10626866 0.75462185 0.01194030 0.01176471
9 0.67731343 0.30630252 0.01134328 0.00588235
0 0.38477612 0.71428571 0.01134328 0.01680672
1 0.36656716 0.68823529 0.00955224 0.01680672
2 0.13731343 0.86554622 0.01194030 0.00672269
3 0.18925373 0.66386555 0.00597015 0.00840336
0 0.28567164 0.29747899 0.01134328 0.01680672
0 0.28567164 0.13781513 0.01134328 0.01680672
0 0.28567164 0.21764706 0.01134328 0.01680672
0 0.64567164 0.65042017 0.01134328 0.01680672
3 0.37970149 0.66722689 0.00597015 0.00840336
0 0.48268657 0.68403361 0.01134328 0.01680672
1 0.40000000 0.29747899 0.00955224 0.01680672
1 0.40000000 0.13781513 0.00955224 0.01680672
3 0.10985075 0.85462185 0.00597015 0.00840336
1 0.40000000 0.21680672 0.00955224 0.01680672
1 0.63283582 0.66638655 0.00955224 0.01680672
0 0.85283582 0.78487395 0.01134328 0.01680672
3 0.10149254 0.90504202 0.00597015 0.00840336
1 0.69253731 0.13277311 0.00955224 0.01680672
0 0.86477612 0.59495798 0.01134328 0.01680672
3 0.23402985 0.74369748 0.00597015 0.00840336
1 0.43283582 0.49747899 0.00955224 0.01680672
0 0.41641791 0.46554622 0.01134328 0.01680672
0 0.56656716 0.54159664 0.01194030 0.01596639
0 0.85044776 0.68823529 0.01134328 0.01680672
0 0.37761194 0.53277311 0.01134328 0.01680672
0 0.62000000 0.19663866 0.01134328 0.01680672
0 0.53373134 0.60966387 0.01194030 0.01596639
1 0.53791045 0.57478992 0.00955224 0.01680672
1 0.41492537 0.55630252 0.00955224 0.01680672
0 0.57223881 0.13781513 0.01134328 0.01680672
0 0.41432836 0.59285714 0.01194030 0.01596639
1 0.56716418 0.49831933 0.00955224 0.01680672
1 0.87761194 0.76806723 0.00955224 0.01680672
1 0.92179104 0.76806723 0.00955224 0.01680672
2 0.56417910 0.26890756 0.01194030 0.00672269
1 0.42626866 0.79159664 0.00955224 0.01680672
0 0.49552239 0.41302521 0.01194030 0.01596639
0 0.88835821 0.75168067 0.01194030 0.01596639
0 0.59940299 0.30210084 0.01194030 0.01596639
0 0.71373134 0.15294118 0.01134328 0.01680672
0 0.09373134 0.64747899 0.01194030 0.01596639
0 0.95313433 0.49495798 0.01134328 0.01680672
2 0.23522388 0.33949580 0.01194030 0.00672269
1 0.38567164 0.79243697 0.00955224 0.01680672
1 0.93074627 0.40504202 0.00955224 0.01680672
2 0.29970149 0.47815126 0.01194030 0.00672269
2 0.71880597 0.68487395 0.01194030 0.00672269
0 0.22477612 0.15042017 0.01134328 0.01680672
10 0.29313433 0.53235294 0.02626866 0.00924370
0 0.38447761 0.92899160 0.01194030 0.01596639
0 0.82895522 0.25546218 0.01134328 0.01680672
3 0.88417910 0.51512605 0.00597015 0.00840336
1 0.76716418 0.51176471 0.01194030 0.01344538
0 0.32388060 0.53361345 0.01134328 0.01680672
3 0.26208955 0.88151261 0.00597015 0.00840336
0 0.74179104 0.51260504 0.01134328 0.01680672
2 0.71880597 0.74369748 0.01194030 0.00672269
0 0.97164179 0.51260504 0.01134328 0.01680672
1 0.09253731 0.61176471 0.00955224 0.01680672
2 0.12238806 0.43949580 0.00477612 0.01680672
0 0.07552239 0.16134454 0.01134328 0.01680672
2 0.78686567 0.20588235 0.01194030 0.00672269
1 0.90985075 0.51428571 0.01194030 0.01344538
2 0.08955224 0.40672269 0.01194030 0.00672269
1 0.85970149 0.40420168 0.00955224 0.01680672
0 0.82776119 0.33109244 0.01134328 0.01680672
3 0.52119403 0.70924370 0.00597015 0.00840336
1 0.89492537 0.40420168 0.00955224 0.01680672
0 0.76208955 0.20504202 0.01134328 0.01680672
3 0.31701493 0.22689076 0.00597015 0.00840336
3 0.31761194 0.14789916 0.00597015 0.00840336
2 0.09253731 0.56218487 0.00477612 0.01680672
3 0.31701493 0.30672269 0.00597015 0.00840336
3 0.88358209 0.48403361 0.00597015 0.00840336
3 0.06388060 0.17142857 0.00597015 0.00840336
0 0.05104478 0.45714286 0.01134328 0.01680672
10 0.29671642 0.57394958 0.02626866 0.01008403
2 0.88059701 0.09579832 0.00477612 0.01680672
0 0.12865672 0.75966387 0.01134328 0.01680672
3 0.81373134 0.22184874 0.00597015 0.00840336
0 0.79313433 0.42352941 0.01134328 0.01680672
2 0.81492537 0.13781513 0.01194030 0.00672269
0 0.32686567 0.57478992 0.01134328 0.01680672
1 0.92776119 0.49411765 0.01194030 0.01344538
2 0.85373134 0.09579832 0.00477612 0.01680672
3 0.71044776 0.10504202 0.00597015 0.00840336
0 0.64089552 0.32268908 0.01134328 0.01680672
3 0.25432836 0.33949580 0.00597015 0.00840336
0 0.20089552 0.43697479 0.01134328 0.01680672
0 0.43910448 0.81008403 0.01134328 0.01680672
1 0.82686567 0.40252101 0.00955224 0.01680672
2 0.78805970 0.17983193 0.01194030 0.00672269
3 0.31820896 0.47899160 0.00597015 0.00840336
3 0.86985075 0.67983193 0.00597015 0.00840336
0 0.83910448 0.14789916 0.01134328 0.01680672
3 0.63940299 0.68403361 0.00597015 0.00840336
2 0.08000000 0.75966387 0.01194030 0.00672269
2 0.81552239 0.16806723 0.01194030 0.00672269
3 0.05194030 0.40672269 0.00597015 0.00840336
3 0.85791045 0.75126050 0.00597015 0.00840336
3 0.85194030 0.32268908 0.00597015 0.00840336
3 0.86149254 0.16302521 0.00597015 0.00840336
3 0.43402985 0.77815126 0.00597015 0.00840336
3 0.80417910 0.38655462 0.00597015 0.00840336
3 0.55582090 0.55798319 0.00597015 0.00840336
3 0.82447761 0.21008403 0.00597015 0.00840336
3 0.42208955 0.52436975 0.00597015 0.00840336
3 0.85791045 0.60504202 0.00597015 0.00840336
3 0.77134328 0.17563025 0.00597015 0.00840336
3 0.06029851 0.75966387 0.00597015 0.00840336
3 0.20955224 0.42268908 0.00597015 0.00840336
3 0.79223881 0.49579832 0.00597015 0.00840336
3 0.09194030 0.53025210 0.00597015 0.00840336
